ru2204,20220218,20220218,112003000,11:20:05,14140,257,1591,36156200,257,-56,36156200
ru2204,20220218,20220218,112004500,11:20:10,14140,257,1591,36156200,0,0,0
ru2204,20220218,20220218,112005000,11:20:10,14140,257,1591,36156200,0,0,0
ru2204,20220218,20220218,112006000,11:20:10,14140,257,1591,36156200,0,0,0
ru2204,20220218,20220218,112006500,11:20:10,14140,257,1591,36156200,0,0,0
ru2204,20220218,20220218,112007000,11:20:10,14140,257,1591,36156200,0,0,0
ru2204,20220218,20220218,112007500,11:20:10,14140,257,1591,36156200,0,0,0
ru2204,20220218,20220218,112008000,11:20:10,14140,257,1591,36156200,0,0,0
ru2204,20220218,20220218,112008500,11:20:10,14140,257,1591,36156200,0,0,0
ru2204,20220218,20220218,112009000,11:20:10,14140,257,1591,36156200,0,0,0
ru2204,20220218,20220218,112009500,11:20:10,14140,257,1591,36156200,0,0,0
ru2204,20220218,20220218,112010000,11:20:10,14140,257,1591,36156200,0,0,0
ru2204,20220218,20220218,112010500,11:20:10,14140,257,1591,36156200,0,0,0
ru2204,20220218,20220218,112011000,11:20:11,14140,257,1591,36156200,0,0,0
ru2204,20220218,20220218,112011500,11:20:12,14140,257,1591,36156200,0,0,0
ru2204,20220218,20220218,112012000,11:20:12,14140,257,1591,36156200,0,0,0
ru2204,20220218,20220218,112012500,11:20:12,14140,257,1591,36156200,0,0,0
ru2204,20220218,20220218,112013000,11:20:13,14140,257,1591,36156200,0,0,0
ru2204,20220218,20220218,112013500,11:20:13,14140,257,1591,36156200,0,0,0
ru2204,20220218,20220218,112014000,11:20:14,14140,257,1591,36156200,0,0,0
ru2204,20220218,20220218,112014500,11:20:14,14140,257,1591,36156200,0,0,0
ru2204,20220218,20220218,112015000,11:20:15,14140,257,1591,36156200,0,0,0
ru2204,20220218,20220218,112015500,11:20:16,14140,257,1591,36156200,0,0,0
ru2204,20220218,20220218,112016000,11:20:16,14140,257,1591,36156200,0,0,0
ru2204,20220218,20220218,112016500,11:20:16,14140,257,1591,36156200,0,0,0
ru2204,20220218,20220218,112017000,11:20:17,14140,257,1591,36156200,0,0,0
ru2204,20220218,20220218,112017500,11:20:17,14140,257,1591,36156200,0,0,0
ru2204,20220218,20220218,112018000,11:20:18,14140,257,1591,36156200,0,0,0
ru2204,20220218,20220218,112018500,11:20:18,14140,257,1591,36156200,0,0,0
ru2204,20220218,20220218,112019000,11:20:19,14140,257,1591,36156200,0,0,0
ru2204,20220218,20220218,112019500,11:20:20,14140,257,1591,36156200,0,0,0
ru2204,20220218,20220218,112020000,11:20:20,14140,257,1591,36156200,0,0,0
ru2204,20220218,20220218,112020500,11:20:21,14140,257,1591,36156200,0,0,0
ru2204,20220218,20220218,112021000,11:20:21,14140,257,1591,36156200,0,0,0
ru2204,20220218,20220218,112021500,11:20:21,14140,257,1591,36156200,0,0,0
ru2204,20220218,20220218,112022000,11:20:22,14140,257,1591,36156200,0,0,0
ru2204,20220218,20220218,112022500,11:20:23,14140,257,1591,36156200,0,0,0
ru2204,20220218,20220218,112023000,11:20:23,14140,257,1591,36156200,0,0,0
ru2204,20220218,20220218,112023500,11:20:23,14140,257,1591,36156200,0,0,0
ru2204,20220218,20220218,112024000,11:20:24,14140,257,1591,36156200,0,0,0
ru2204,20220218,20220218,112024500,11:20:24,14140,257,1591,36156200,0,0,0
ru2204,20220218,20220218,112025000,11:20:25,14140,257,1591,36156200,0,0,0
ru2204,20220218,20220218,112025500,11:20:25,14140,257,1591,36156200,0,0,0
ru2204,20220218,20220218,112026000,11:20:26,14140,257,1591,36156200,0,0,0
ru2204,20220218,20220218,112026500,11:20:26,14140,257,1591,36156200,0,0,0
ru2204,20220218,20220218,112027000,11:20:27,14140,257,1591,36156200,0,0,0
ru2204,20220218,20220218,112027500,11:20:28,14140,257,1591,36156200,0,0,0
ru2204,20220218,20220218,112028000,11:20:28,14140,257,1591,36156200,0,0,0
ru2204,20220218,20220218,112028500,11:20:28,14140,257,1591,36156200,0,0,0
ru2204,20220218,20220218,112029000,11:20:29,14140,257,1591,36156200,0,0,0
ru2204,20220218,20220218,112029500,11:20:30,14140,257,1591,36156200,0,0,0
ru2204,20220218,20220218,112030000,11:20:31,14140,257,1591,36156200,0,0,0
ru2204,20220218,20220218,112030500,11:20:31,14140,257,1591,36156200,0,0,0
ru2204,20220218,20220218,112031000,11:20:32,14140,257,1591,36156200,0,0,0
ru2204,20220218,20220218,112031500,11:20:32,14140,257,1591,36156200,0,0,0
ru2204,20220218,20220218,112032000,11:20:32,14140,257,1591,36156200,0,0,0
ru2204,20220218,20220218,112032500,11:20:32,14140,257,1591,36156200,0,0,0
ru2204,20220218,20220218,112033000,11:20:33,14140,257,1591,36156200,0,0,0
ru2204,20220218,20220218,112033500,11:20:33,14140,257,1591,36156200,0,0,0
ru2204,20220218,20220218,112034000,11:20:34,14140,257,1591,36156200,0,0,0
ru2204,20220218,20220218,112034500,11:20:35,14140,257,1591,36156200,0,0,0
ru2204,20220218,20220218,112035000,11:20:35,14140,257,1591,36156200,0,0,0
ru2204,20220218,20220218,112035500,11:20:35,14140,257,1591,36156200,0,0,0
ru2204,20220218,20220218,112036000,11:20:36,14140,257,1591,36156200,0,0,0
ru2204,20220218,20220218,112036500,11:20:37,14140,257,1591,36156200,0,0,0
ru2204,20220218,20220218,112037000,11:20:37,14140,257,1591,36156200,0,0,0
ru2204,20220218,20220218,112037500,11:20:38,14140,257,1591,36156200,0,0,0
ru2204,20220218,20220218,112038000,11:20:38,14140,257,1591,36156200,0,0,0
ru2204,20220218,20220218,112038500,11:20:38,14140,257,1591,36156200,0,0,0
ru2204,20220218,20220218,112039000,11:20:39,14140,257,1591,36156200,0,0,0
ru2204,20220218,20220218,112039500,11:20:40,14140,257,1591,36156200,0,0,0
ru2204,20220218,20220218,112040000,11:20:40,14140,257,1591,36156200,0,0,0
ru2204,20220218,20220218,112040500,11:20:41,14140,257,1591,36156200,0,0,0
ru2204,20220218,20220218,112041000,11:20:41,14140,257,1591,36156200,0,0,0
ru2204,20220218,20220218,112041500,11:20:41,14140,257,1591,36156200,0,0,0
ru2204,20220218,20220218,112042000,11:20:42,14140,257,1591,36156200,0,0,0
ru2204,20220218,20220218,112042500,11:20:42,14140,257,1591,36156200,0,0,0
ru2204,20220218,20220218,112043000,11:20:43,14140,257,1591,36156200,0,0,0
ru2204,20220218,20220218,112043500,11:20:44,14140,257,1591,36156200,0,0,0
ru2204,20220218,20220218,112044000,11:20:44,14140,257,1591,36156200,0,0,0
ru2204,20220218,20220218,112044500,11:20:45,14140,257,1591,36156200,0,0,0
ru2204,20220218,20220218,112045000,11:20:45,14140,257,1591,36156200,0,0,0
ru2204,20220218,20220218,112045500,11:20:46,14140,257,1591,36156200,0,0,0
ru2204,20220218,20220218,112046000,11:20:46,14140,257,1591,36156200,0,0,0
ru2204,20220218,20220218,112046500,11:20:46,14140,257,1591,36156200,0,0,0
ru2204,20220218,20220218,112047000,11:20:47,14140,257,1591,36156200,0,0,0
ru2204,20220218,20220218,112047500,11:20:48,14140,257,1591,36156200,0,0,0
ru2204,20220218,20220218,112048000,11:20:48,14140,257,1591,36156200,0,0,0
ru2204,20220218,20220218,112048500,11:20:50,14140,257,1591,36156200,0,0,0
ru2204,20220218,20220218,112049000,11:20:50,14140,257,1591,36156200,0,0,0
ru2204,20220218,20220218,112049500,11:20:50,14140,257,1591,36156200,0,0,0
ru2204,20220218,20220218,112050500,11:20:51,14140,257,1591,36156200,0,0,0
ru2204,20220218,20220218,112051000,11:20:51,14140,257,1591,36156200,0,0,0
ru2204,20220218,20220218,112051500,11:20:52,14140,257,1591,36156200,0,0,0
ru2204,20220218,20220218,112052000,11:20:53,14140,257,1591,36156200,0,0,0
ru2204,20220218,20220218,112052500,11:20:53,14140,257,1591,36156200,0,0,0
ru2204,20220218,20220218,112053000,11:20:53,14140,257,1591,36156200,0,0,0
ru2204,20220218,20220218,112054000,11:20:54,14140,257,1591,36156200,0,0,0
ru2204,20220218,20220218,112054500,11:20:55,14140,257,1591,36156200,0,0,0
ru2204,20220218,20220218,112055000,11:20:55,14140,257,1591,36156200,0,0,0
ru2204,20220218,20220218,112055500,11:20:56,14140,257,1591,36156200,0,0,0
ru2204,20220218,20220218,112056000,11:20:56,14140,257,1591,36156200,0,0,0
ru2204,20220218,20220218,112056500,11:20:56,14140,257,1591,36156200,0,0,0
ru2204,20220218,20220218,112057000,11:20:58,14140,257,1591,36156200,0,0,0
ru2204,20220218,20220218,112057500,11:20:58,14140,257,1591,36156200,0,0,0
ru2204,20220218,20220218,112058000,11:20:58,14140,257,1591,36156200,0,0,0
ru2204,20220218,20220218,112058500,11:20:59,14140,257,1591,36156200,0,0,0
ru2204,20220218,20220218,112059000,11:21:00,14140,257,1591,36156200,0,0,0
ru2204,20220218,20220218,112059500,11:21:00,14140,257,1591,36156200,0,0,0
ru2204,20220218,20220218,112100000,11:21:00,14140,257,1591,36156200,0,0,0
ru2204,20220218,20220218,112100500,11:21:01,14140,257,1591,36156200,0,0,0
ru2204,20220218,20220218,112101000,11:21:01,14140,257,1591,36156200,0,0,0
ru2204,20220218,20220218,112101500,11:21:02,14140,257,1591,36156200,0,0,0
ru2204,20220218,20220218,112102000,11:21:02,14140,257,1591,36156200,0,0,0
ru2204,20220218,20220218,112102500,11:21:03,14140,257,1591,36156200,0,0,0
ru2204,20220218,20220218,112103000,11:21:03,14140,257,1591,36156200,0,0,0
ru2204,20220218,20220218,112103500,11:21:04,14140,257,1591,36156200,0,0,0
ru2204,20220218,20220218,112104000,11:21:04,14140,257,1591,36156200,0,0,0
ru2204,20220218,20220218,112104500,11:21:05,14140,257,1591,36156200,0,0,0
ru2204,20220218,20220218,112105000,11:21:06,14140,257,1591,36156200,0,0,0
ru2204,20220218,20220218,112105500,11:21:07,14140,257,1591,36156200,0,0,0
ru2204,20220218,20220218,112106000,11:21:07,14140,257,1591,36156200,0,0,0
ru2204,20220218,20220218,112106500,11:21:08,14140,257,1591,36156200,0,0,0
ru2204,20220218,20220218,112107000,11:21:09,14140,257,1591,36156200,0,0,0
ru2204,20220218,20220218,112107500,11:21:10,14140,257,1591,36156200,0,0,0
ru2204,20220218,20220218,112108000,11:21:10,14140,257,1591,36156200,0,0,0
ru2204,20220218,20220218,112110000,11:21:11,14140,257,1591,36156200,0,0,0
ru2204,20220218,20220218,112110500,11:21:11,14140,257,1591,36156200,0,0,0
ru2204,20220218,20220218,112111000,11:21:11,14140,257,1591,36156200,0,0,0
ru2204,20220218,20220218,112111500,11:21:12,14140,257,1591,36156200,0,0,0
ru2204,20220218,20220218,112112000,11:21:12,14140,257,1591,36156200,0,0,0
ru2204,20220218,20220218,112112500,11:21:13,14140,257,1591,36156200,0,0,0
ru2204,20220218,20220218,112113000,11:21:13,14140,257,1591,36156200,0,0,0
ru2204,20220218,20220218,112113500,11:21:13,14140,257,1591,36156200,0,0,0
ru2204,20220218,20220218,112114000,11:21:14,14140,257,1591,36156200,0,0,0
ru2204,20220218,20220218,112114500,11:21:14,14140,257,1591,36156200,0,0,0
ru2204,20220218,20220218,112115000,11:21:15,14140,257,1591,36156200,0,0,0
ru2204,20220218,20220218,112115500,11:21:15,14140,257,1591,36156200,0,0,0
ru2204,20220218,20220218,112116000,11:21:16,14140,257,1591,36156200,0,0,0
ru2204,20220218,20220218,112116500,11:21:17,14140,257,1591,36156200,0,0,0
ru2204,20220218,20220218,112117000,11:21:17,14140,257,1591,36156200,0,0,0
ru2204,20220218,20220218,112117500,11:21:18,14140,257,1591,36156200,0,0,0
ru2204,20220218,20220218,112118000,11:21:18,14140,257,1591,36156200,0,0,0
ru2204,20220218,20220218,112118500,11:21:18,14140,257,1591,36156200,0,0,0
ru2204,20220218,20220218,112119000,11:21:19,14140,257,1591,36156200,0,0,0
ru2204,20220218,20220218,112119500,11:21:19,14140,257,1591,36156200,0,0,0
ru2204,20220218,20220218,112120000,11:21:20,14140,257,1591,36156200,0,0,0
ru2204,20220218,20220218,112120500,11:21:21,14140,257,1591,36156200,0,0,0
ru2204,20220218,20220218,112121000,11:21:22,14140,257,1591,36156200,0,0,0
ru2204,20220218,20220218,112121500,11:21:22,14140,257,1591,36156200,0,0,0
ru2204,20220218,20220218,112122000,11:21:22,14140,257,1591,36156200,0,0,0
ru2204,20220218,20220218,112122500,11:21:22,14140,257,1591,36156200,0,0,0
ru2204,20220218,20220218,112123000,11:21:23,14140,257,1591,36156200,0,0,0
ru2204,20220218,20220218,112123500,11:21:23,14135,259,1593,36438900,2,2,282700
ru2204,20220218,20220218,112124000,11:21:24,14135,259,1593,36438900,0,0,0
ru2204,20220218,20220218,112124500,11:21:25,14135,259,1593,36438900,0,0,0
ru2204,20220218,20220218,112125000,11:23:32,14135,259,1593,36438900,0,0,0
ru2204,20220218,20220218,112125500,11:23:32,14135,259,1593,36438900,0,0,0
ru2204,20220218,20220218,112126000,11:23:33,14135,259,1593,36438900,0,0,0
ru2204,20220218,20220218,112126500,11:23:33,14135,259,1593,36438900,0,0,0
ru2204,20220218,20220218,112332500,11:23:33,14135,259,1593,36438900,0,0,0
ru2204,20220218,20220218,112333000,11:23:33,14135,259,1593,36438900,0,0,0
ru2204,20220218,20220218,112333500,11:23:33,14135,259,1593,36438900,0,0,0
ru2204,20220218,20220218,112334000,11:23:34,14135,259,1593,36438900,0,0,0
ru2204,20220218,20220218,112334500,11:23:34,14135,259,1593,36438900,0,0,0
ru2204,20220218,20220218,112335000,11:23:35,14135,259,1593,36438900,0,0,0
ru2204,20220218,20220218,112335500,11:23:35,14135,259,1593,36438900,0,0,0
ru2204,20220218,20220218,112336000,11:23:36,14175,278,1598,39133200,19,5,2694300
ru2204,20220218,20220218,112336500,11:23:38,14175,278,1598,39133200,0,0,0
ru2204,20220218,20220218,112337000,11:23:38,14175,278,1598,39133200,0,0,0
ru2204,20220218,20220218,112337500,11:23:38,14175,278,1598,39133200,0,0,0
ru2204,20220218,20220218,112338000,11:23:38,14175,278,1598,39133200,0,0,0
ru2204,20220218,20220218,112338500,11:23:38,14175,278,1598,39133200,0,0,0
ru2204,20220218,20220218,112339000,11:23:39,14180,280,1600,39416800,2,2,283600
ru2204,20220218,20220218,112339500,11:23:39,14180,280,1600,39416800,0,0,0
ru2204,20220218,20220218,112340000,11:23:40,14180,280,1600,39416800,0,0,0
ru2204,20220218,20220218,112340500,11:23:40,14180,280,1600,39416800,0,0,0
ru2204,20220218,20220218,112341000,11:23:41,14180,280,1600,39416800,0,0,0
ru2204,20220218,20220218,112341500,11:23:42,14180,280,1600,39416800,0,0,0
ru2204,20220218,20220218,112342000,11:23:42,14180,280,1600,39416800,0,0,0
ru2204,20220218,20220218,112342500,11:23:42,14180,280,1600,39416800,0,0,0
ru2204,20220218,20220218,112343000,11:23:43,14180,280,1600,39416800,0,0,0
ru2204,20220218,20220218,112343500,11:23:43,14180,280,1600,39416800,0,0,0
ru2204,20220218,20220218,112344000,11:23:45,14180,280,1600,39416800,0,0,0
ru2204,20220218,20220218,112344500,11:23:48,14180,280,1600,39416800,0,0,0
ru2204,20220218,20220218,112345000,11:23:48,14180,280,1600,39416800,0,0,0
ru2204,20220218,20220218,112345500,11:23:48,14180,280,1600,39416800,0,0,0
ru2204,20220218,20220218,112348000,11:23:48,14180,280,1600,39416800,0,0,0
ru2204,20220218,20220218,112348500,11:23:49,14180,280,1600,39416800,0,0,0
ru2204,20220218,20220218,112349000,11:23:49,14180,280,1600,39416800,0,0,0
ru2204,20220218,20220218,112349500,11:23:50,14180,280,1600,39416800,0,0,0
ru2204,20220218,20220218,112350000,11:23:50,14180,280,1600,39416800,0,0,0
ru2204,20220218,20220218,112350500,11:23:50,14180,280,1600,39416800,0,0,0
ru2204,20220218,20220218,112351000,11:23:51,14180,280,1600,39416800,0,0,0
ru2204,20220218,20220218,112351500,11:23:51,14180,280,1600,39416800,0,0,0
ru2204,20220218,20220218,112352000,11:23:52,14180,280,1600,39416800,0,0,0
ru2204,20220218,20220218,112352500,11:23:52,14180,280,1600,39416800,0,0,0
ru2204,20220218,20220218,112353000,11:23:53,14180,280,1600,39416800,0,0,0
ru2204,20220218,20220218,112353500,11:23:53,14180,280,1600,39416800,0,0,0
ru2204,20220218,20220218,112354000,11:23:54,14180,280,1600,39416800,0,0,0
ru2204,20220218,20220218,112354500,11:23:55,14180,280,1600,39416800,0,0,0
ru2204,20220218,20220218,112355000,11:23:55,14180,280,1600,39416800,0,0,0
ru2204,20220218,20220218,112355500,11:23:55,14180,280,1600,39416800,0,0,0
ru2204,20220218,20220218,112356000,11:23:56,14180,280,1600,39416800,0,0,0
ru2204,20220218,20220218,112356500,11:23:56,14180,280,1600,39416800,0,0,0
ru2204,20220218,20220218,112357000,11:23:57,14180,280,1600,39416800,0,0,0
ru2204,20220218,20220218,112357500,11:23:57,14180,280,1600,39416800,0,0,0
ru2204,20220218,20220218,112358000,11:23:58,14180,280,1600,39416800,0,0,0
ru2204,20220218,20220218,112358500,11:23:58,14180,280,1600,39416800,0,0,0
ru2204,20220218,20220218,112359000,11:23:59,14180,280,1600,39416800,0,0,0
ru2204,20220218,20220218,112359500,11:23:59,14180,280,1600,39416800,0,0,0
ru2204,20220218,20220218,112400000,11:24:00,14180,280,1600,39416800,0,0,0
ru2204,20220218,20220218,112400500,11:24:00,14180,280,1600,39416800,0,0,0
ru2204,20220218,20220218,112401000,11:24:01,14180,280,1600,39416800,0,0,0
ru2204,20220218,20220218,112401500,11:24:01,14180,280,1600,39416800,0,0,0
ru2204,20220218,20220218,112402000,11:24:02,14180,280,1600,39416800,0,0,0
ru2204,20220218,20220218,112402500,11:24:02,14180,280,1600,39416800,0,0,0
ru2204,20220218,20220218,112403000,11:24:03,14180,280,1600,39416800,0,0,0
ru2204,20220218,20220218,112403500,11:24:04,14180,280,1600,39416800,0,0,0
ru2204,20220218,20220218,112404000,11:24:04,14180,280,1600,39416800,0,0,0
ru2204,20220218,20220218,112404500,11:24:04,14180,280,1600,39416800,0,0,0
ru2204,20220218,20220218,112405000,11:24:05,14180,280,1600,39416800,0,0,0
ru2204,20220218,20220218,112405500,11:24:05,14180,280,1600,39416800,0,0,0
ru2204,20220218,20220218,112406000,11:24:06,14180,280,1600,39416800,0,0,0
ru2204,20220218,20220218,112406500,11:24:06,14180,280,1600,39416800,0,0,0
ru2204,20220218,20220218,112407000,11:24:07,14180,280,1600,39416800,0,0,0
ru2204,20220218,20220218,112407500,11:24:08,14180,280,1600,39416800,0,0,0
ru2204,20220218,20220218,112408000,11:24:08,14180,280,1600,39416800,0,0,0
ru2204,20220218,20220218,112408500,11:24:08,14180,280,1600,39416800,0,0,0
ru2204,20220218,20220218,112409000,11:24:11,14180,280,1600,39416800,0,0,0
ru2204,20220218,20220218,112409500,11:24:11,14180,280,1600,39416800,0,0,0
ru2204,20220218,20220218,112410000,11:24:12,14180,280,1600,39416800,0,0,0
ru2204,20220218,20220218,112410500,11:24:12,14180,280,1600,39416800,0,0,0
ru2204,20220218,20220218,112411000,11:24:12,14180,280,1600,39416800,0,0,0
ru2204,20220218,20220218,112411500,11:24:12,14180,280,1600,39416800,0,0,0
ru2204,20220218,20220218,112412000,11:24:12,14180,280,1600,39416800,0,0,0
ru2204,20220218,20220218,112412500,11:24:13,14180,280,1600,39416800,0,0,0
ru2204,20220218,20220218,112413000,11:24:13,14180,280,1600,39416800,0,0,0
ru2204,20220218,20220218,112413500,11:24:14,14180,280,1600,39416800,0,0,0
ru2204,20220218,20220218,112414000,11:24:14,14180,280,1600,39416800,0,0,0
ru2204,20220218,20220218,112414500,11:24:15,14180,280,1600,39416800,0,0,0
ru2204,20220218,20220218,112415000,11:24:15,14180,280,1600,39416800,0,0,0
ru2204,20220218,20220218,112415500,11:24:15,14180,280,1600,39416800,0,0,0
ru2204,20220218,20220218,112416000,11:24:16,14180,280,1600,39416800,0,0,0
ru2204,20220218,20220218,112416500,11:24:17,14180,280,1600,39416800,0,0,0
ru2204,20220218,20220218,112417000,11:24:17,14180,280,1600,39416800,0,0,0
ru2204,20220218,20220218,112417500,11:24:18,14180,280,1600,39416800,0,0,0
ru2204,20220218,20220218,112418000,11:24:18,14180,280,1600,39416800,0,0,0
ru2204,20220218,20220218,112418500,11:24:19,14180,280,1600,39416800,0,0,0
ru2204,20220218,20220218,112419000,11:24:19,14180,280,1600,39416800,0,0,0
ru2204,20220218,20220218,112419500,11:24:20,14180,280,1600,39416800,0,0,0
ru2204,20220218,20220218,112420000,11:24:20,14180,280,1600,39416800,0,0,0
ru2204,20220218,20220218,112420500,11:24:20,14180,280,1600,39416800,0,0,0
ru2204,20220218,20220218,112421000,11:24:21,14180,280,1600,39416800,0,0,0
ru2204,20220218,20220218,112421500,11:24:22,14180,280,1600,39416800,0,0,0
ru2204,20220218,20220218,112422000,11:24:22,14180,280,1600,39416800,0,0,0
ru2204,20220218,20220218,112422500,11:24:23,14180,280,1600,39416800,0,0,0
ru2204,20220218,20220218,112423000,11:24:23,14180,280,1600,39416800,0,0,0
ru2204,20220218,20220218,112423500,11:24:23,14180,280,1600,39416800,0,0,0
ru2204,20220218,20220218,112424000,11:24:24,14180,280,1600,39416800,0,0,0
ru2204,20220218,20220218,112424500,11:24:24,14180,280,1600,39416800,0,0,0
ru2204,20220218,20220218,112425000,11:24:25,14180,280,1600,39416800,0,0,0
ru2204,20220218,20220218,112425500,11:24:25,14180,280,1600,39416800,0,0,0
ru2204,20220218,20220218,112426000,11:24:26,14180,280,1600,39416800,0,0,0
ru2204,20220218,20220218,112426500,11:24:26,14180,280,1600,39416800,0,0,0
ru2204,20220218,20220218,112427000,11:24:27,14180,280,1600,39416800,0,0,0
ru2204,20220218,20220218,112427500,11:24:28,14180,280,1600,39416800,0,0,0
ru2204,20220218,20220218,112428000,11:24:28,14180,280,1600,39416800,0,0,0
ru2204,20220218,20220218,112428500,11:24:28,14180,280,1600,39416800,0,0,0
ru2204,20220218,20220218,112429000,11:24:29,14180,280,1600,39416800,0,0,0
ru2204,20220218,20220218,112429500,11:24:29,14180,280,1600,39416800,0,0,0
ru2204,20220218,20220218,112430000,11:24:30,14180,280,1600,39416800,0,0,0
ru2204,20220218,20220218,112430500,11:24:30,14180,280,1600,39416800,0,0,0
ru2204,20220218,20220218,112431000,11:24:31,14180,280,1600,39416800,0,0,0
ru2204,20220218,20220218,112431500,11:24:31,14180,280,1600,39416800,0,0,0
ru2204,20220218,20220218,112432000,11:24:32,14180,280,1600,39416800,0,0,0
ru2204,20220218,20220218,112432500,11:24:32,14180,280,1600,39416800,0,0,0
ru2204,20220218,20220218,112433000,11:24:33,14180,280,1600,39416800,0,0,0
ru2204,20220218,20220218,112433500,11:24:33,14180,280,1600,39416800,0,0,0
ru2204,20220218,20220218,112434000,11:24:34,14180,280,1600,39416800,0,0,0
ru2204,20220218,20220218,112434500,11:24:34,14180,280,1600,39416800,0,0,0
ru2204,20220218,20220218,112435000,11:24:35,14180,280,1600,39416800,0,0,0
ru2204,20220218,20220218,112435500,11:24:35,14180,280,1600,39416800,0,0,0
ru2204,20220218,20220218,112436000,11:24:36,14180,280,1600,39416800,0,0,0
ru2204,20220218,20220218,112436500,11:24:36,14180,280,1600,39416800,0,0,0
ru2204,20220218,20220218,112437000,11:24:37,14180,280,1600,39416800,0,0,0
ru2204,20220218,20220218,112437500,11:24:37,14180,280,1600,39416800,0,0,0
ru2204,20220218,20220218,112438000,11:24:39,14180,280,1600,39416800,0,0,0
ru2204,20220218,20220218,112438500,11:24:39,14180,280,1600,39416800,0,0,0
ru2204,20220218,20220218,112439000,11:24:40,14180,280,1600,39416800,0,0,0
ru2204,20220218,20220218,112439500,11:24:40,14180,280,1600,39416800,0,0,0
ru2204,20220218,20220218,112440000,11:24:40,14180,280,1600,39416800,0,0,0
ru2204,20220218,20220218,112440500,11:24:40,14180,280,1600,39416800,0,0,0
ru2204,20220218,20220218,112441000,11:24:41,14180,280,1600,39416800,0,0,0
ru2204,20220218,20220218,112441500,11:24:41,14180,280,1600,39416800,0,0,0
ru2204,20220218,20220218,112442000,11:24:42,14180,280,1600,39416800,0,0,0
ru2204,20220218,20220218,112442500,11:24:42,14180,280,1600,39416800,0,0,0
ru2204,20220218,20220218,112443000,11:24:43,14180,280,1600,39416800,0,0,0
ru2204,20220218,20220218,112443500,11:24:43,14180,280,1600,39416800,0,0,0
ru2204,20220218,20220218,112444000,11:24:44,14180,280,1600,39416800,0,0,0
ru2204,20220218,20220218,112444500,11:24:44,14180,280,1600,39416800,0,0,0
ru2204,20220218,20220218,112445000,11:24:45,14180,280,1600,39416800,0,0,0
ru2204,20220218,20220218,112445500,11:24:45,14180,280,1600,39416800,0,0,0
ru2204,20220218,20220218,112446000,11:24:46,14180,280,1600,39416800,0,0,0
ru2204,20220218,20220218,112446500,11:24:46,14180,280,1600,39416800,0,0,0
ru2204,20220218,20220218,112447000,11:24:47,14180,280,1600,39416800,0,0,0
ru2204,20220218,20220218,112447500,11:24:47,14180,280,1600,39416800,0,0,0
ru2204,20220218,20220218,112448000,11:24:48,14180,280,1600,39416800,0,0,0
ru2204,20220218,20220218,112448500,11:24:48,14180,280,1600,39416800,0,0,0
ru2204,20220218,20220218,112449000,11:24:49,14180,280,1600,39416800,0,0,0
ru2204,20220218,20220218,112449500,11:24:49,14180,280,1600,39416800,0,0,0
ru2204,20220218,20220218,112450000,11:24:50,14190,282,1600,39700550,2,0,283750
ru2204,20220218,20220218,112450500,11:24:50,14190,282,1600,39700550,0,0,0
ru2204,20220218,20220218,112451000,11:24:51,14190,282,1600,39700550,0,0,0
ru2204,20220218,20220218,112451500,11:24:52,14190,282,1600,39700550,0,0,0
ru2204,20220218,20220218,112452000,11:24:52,14190,282,1600,39700550,0,0,0
ru2204,20220218,20220218,112452500,11:24:52,14190,282,1600,39700550,0,0,0
ru2204,20220218,20220218,112453000,11:24:53,14190,282,1600,39700550,0,0,0
ru2204,20220218,20220218,112453500,11:24:53,14190,282,1600,39700550,0,0,0
ru2204,20220218,20220218,112454000,11:24:54,14190,282,1600,39700550,0,0,0
ru2204,20220218,20220218,112454500,11:24:54,14190,282,1600,39700550,0,0,0
ru2204,20220218,20220218,112455000,11:24:55,14190,282,1600,39700550,0,0,0
ru2204,20220218,20220218,112455500,11:24:56,14190,282,1600,39700550,0,0,0
ru2204,20220218,20220218,112456000,11:24:56,14190,282,1600,39700550,0,0,0
ru2204,20220218,20220218,112456500,11:24:56,14190,282,1600,39700550,0,0,0
ru2204,20220218,20220218,112457000,11:24:57,14190,282,1600,39700550,0,0,0
ru2204,20220218,20220218,112457500,11:24:57,14190,282,1600,39700550,0,0,0
ru2204,20220218,20220218,112458000,11:24:58,14190,282,1600,39700550,0,0,0
ru2204,20220218,20220218,112458500,11:24:58,14190,282,1600,39700550,0,0,0
ru2204,20220218,20220218,112459000,11:24:59,14190,282,1600,39700550,0,0,0
ru2204,20220218,20220218,112459500,11:24:59,14190,282,1600,39700550,0,0,0
ru2204,20220218,20220218,112500000,11:25:00,14190,282,1600,39700550,0,0,0
ru2204,20220218,20220218,112500500,11:25:01,14190,282,1600,39700550,0,0,0
ru2204,20220218,20220218,112501000,11:25:02,14190,282,1600,39700550,0,0,0
ru2204,20220218,20220218,112501500,11:25:04,14190,282,1600,39700550,0,0,0
ru2204,20220218,20220218,112502000,11:25:05,14190,282,1600,39700550,0,0,0
ru2204,20220218,20220218,112502500,11:25:06,14190,282,1600,39700550,0,0,0
ru2204,20220218,20220218,112505000,11:25:06,14190,282,1600,39700550,0,0,0
ru2204,20220218,20220218,112505500,11:25:06,14190,282,1600,39700550,0,0,0
ru2204,20220218,20220218,112506000,11:25:06,14190,282,1600,39700550,0,0,0
ru2204,20220218,20220218,112506500,11:25:07,14190,282,1600,39700550,0,0,0
ru2204,20220218,20220218,112507000,11:25:07,14190,282,1600,39700550,0,0,0
ru2204,20220218,20220218,112507500,11:25:07,14190,282,1600,39700550,0,0,0
ru2204,20220218,20220218,112508000,11:25:08,14190,282,1600,39700550,0,0,0
ru2204,20220218,20220218,112508500,11:25:08,14190,282,1600,39700550,0,0,0
ru2204,20220218,20220218,112509000,11:25:09,14190,282,1600,39700550,0,0,0
ru2204,20220218,20220218,112509500,11:25:09,14190,282,1600,39700550,0,0,0
ru2204,20220218,20220218,112510000,11:25:10,14190,282,1600,39700550,0,0,0
ru2204,20220218,20220218,112510500,11:25:10,14190,282,1600,39700550,0,0,0
ru2204,20220218,20220218,112511000,11:25:11,14190,282,1600,39700550,0,0,0
ru2204,20220218,20220218,112511500,11:25:11,14190,282,1600,39700550,0,0,0
ru2204,20220218,20220218,112512000,11:25:12,14190,282,1600,39700550,0,0,0
ru2204,20220218,20220218,112512500,11:25:12,14190,282,1600,39700550,0,0,0
ru2204,20220218,20220218,112513000,11:25:13,14190,282,1600,39700550,0,0,0
ru2204,20220218,20220218,112513500,11:25:15,14190,282,1600,39700550,0,0,0
ru2204,20220218,20220218,112514000,11:25:15,14190,282,1600,39700550,0,0,0
ru2204,20220218,20220218,112514500,11:25:15,14190,282,1600,39700550,0,0,0
ru2204,20220218,20220218,112515000,11:25:16,14190,282,1600,39700550,0,0,0
ru2204,20220218,20220218,112515500,11:25:16,14190,282,1600,39700550,0,0,0
ru2204,20220218,20220218,112516000,11:25:16,14190,282,1600,39700550,0,0,0
ru2204,20220218,20220218,112516500,11:25:16,14190,282,1600,39700550,0,0,0
ru2204,20220218,20220218,112517000,11:25:18,14190,282,1600,39700550,0,0,0
ru2204,20220218,20220218,112517500,11:25:18,14190,282,1600,39700550,0,0,0
ru2204,20220218,20220218,112518000,11:25:18,14190,282,1600,39700550,0,0,0
ru2204,20220218,20220218,112518500,11:25:19,14190,282,1600,39700550,0,0,0
ru2204,20220218,20220218,112519000,11:25:19,14190,282,1600,39700550,0,0,0
ru2204,20220218,20220218,112519500,11:25:19,14190,282,1600,39700550,0,0,0
ru2204,20220218,20220218,112520000,11:25:21,14190,282,1600,39700550,0,0,0
ru2204,20220218,20220218,112520500,11:25:21,14190,282,1600,39700550,0,0,0
ru2204,20220218,20220218,112521000,11:25:21,14190,282,1600,39700550,0,0,0
ru2204,20220218,20220218,112521500,11:25:22,14190,282,1600,39700550,0,0,0
ru2204,20220218,20220218,112522000,11:25:22,14190,282,1600,39700550,0,0,0
ru2204,20220218,20220218,112522500,11:25:22,14190,282,1600,39700550,0,0,0
ru2204,20220218,20220218,112523000,11:25:23,14190,282,1600,39700550,0,0,0
ru2204,20220218,20220218,112523500,11:25:24,14190,282,1600,39700550,0,0,0
ru2204,20220218,20220218,112524000,11:25:25,14190,282,1600,39700550,0,0,0
ru2204,20220218,20220218,112524500,11:25:25,14190,282,1600,39700550,0,0,0
ru2204,20220218,20220218,112525000,11:25:25,14190,282,1600,39700550,0,0,0
ru2204,20220218,20220218,112525500,11:25:26,14190,282,1600,39700550,0,0,0
ru2204,20220218,20220218,112526000,11:25:26,14190,282,1600,39700550,0,0,0
ru2204,20220218,20220218,112526500,11:25:27,14190,282,1600,39700550,0,0,0
ru2204,20220218,20220218,112527000,11:25:27,14190,282,1600,39700550,0,0,0
ru2204,20220218,20220218,112527500,11:25:28,14190,282,1600,39700550,0,0,0
ru2204,20220218,20220218,112528000,11:25:28,14190,282,1600,39700550,0,0,0
ru2204,20220218,20220218,112528500,11:25:28,14190,282,1600,39700550,0,0,0
ru2204,20220218,20220218,112529000,11:25:29,14190,282,1600,39700550,0,0,0
ru2204,20220218,20220218,112529500,11:25:30,14190,282,1600,39700550,0,0,0
ru2204,20220218,20220218,112530000,11:25:31,14190,282,1600,39700550,0,0,0
ru2204,20220218,20220218,112530500,11:25:31,14190,282,1600,39700550,0,0,0
ru2204,20220218,20220218,112531000,11:25:31,14190,282,1600,39700550,0,0,0
ru2204,20220218,20220218,112531500,11:25:32,14190,282,1600,39700550,0,0,0
ru2204,20220218,20220218,112532000,11:25:32,14190,282,1600,39700550,0,0,0
ru2204,20220218,20220218,112532500,11:25:33,14190,282,1600,39700550,0,0,0
ru2204,20220218,20220218,112533000,11:25:33,14190,282,1600,39700550,0,0,0
ru2204,20220218,20220218,112533500,11:25:33,14190,282,1600,39700550,0,0,0
ru2204,20220218,20220218,112534000,11:25:34,14190,282,1600,39700550,0,0,0
ru2204,20220218,20220218,112534500,11:25:35,14190,282,1600,39700550,0,0,0
ru2204,20220218,20220218,112535000,11:25:36,14190,282,1600,39700550,0,0,0
ru2204,20220218,20220218,112535500,11:25:37,14190,282,1600,39700550,0,0,0
ru2204,20220218,20220218,112536000,11:25:37,14190,282,1600,39700550,0,0,0
ru2204,20220218,20220218,112536500,11:25:37,14190,282,1600,39700550,0,0,0
ru2204,20220218,20220218,112537000,11:25:38,14190,282,1600,39700550,0,0,0
ru2204,20220218,20220218,112537500,11:25:38,14190,282,1600,39700550,0,0,0
ru2204,20220218,20220218,112538000,11:25:38,14190,282,1600,39700550,0,0,0
ru2204,20220218,20220218,112538500,11:25:39,14190,282,1600,39700550,0,0,0
ru2204,20220218,20220218,112539000,11:25:39,14190,282,1600,39700550,0,0,0
ru2204,20220218,20220218,112539500,11:25:40,14190,282,1600,39700550,0,0,0
ru2204,20220218,20220218,112540000,11:25:40,14190,282,1600,39700550,0,0,0
ru2204,20220218,20220218,112540500,11:25:40,14190,282,1600,39700550,0,0,0
ru2204,20220218,20220218,112541000,11:25:41,14190,282,1600,39700550,0,0,0
ru2204,20220218,20220218,112541500,11:25:41,14190,282,1600,39700550,0,0,0
ru2204,20220218,20220218,112542000,11:25:42,14190,282,1600,39700550,0,0,0
ru2204,20220218,20220218,112542500,11:25:42,14190,282,1600,39700550,0,0,0
ru2204,20220218,20220218,112543000,11:25:43,14190,282,1600,39700550,0,0,0
ru2204,20220218,20220218,112543500,11:25:43,14190,282,1600,39700550,0,0,0
ru2204,20220218,20220218,112544000,11:25:44,14190,282,1600,39700550,0,0,0
ru2204,20220218,20220218,112544500,11:25:44,14190,282,1600,39700550,0,0,0
ru2204,20220218,20220218,112545000,11:25:45,14190,282,1600,39700550,0,0,0
ru2204,20220218,20220218,112545500,11:25:46,14190,282,1600,39700550,0,0,0
ru2204,20220218,20220218,112546000,11:25:47,14190,282,1600,39700550,0,0,0
ru2204,20220218,20220218,112546500,11:25:48,14190,282,1600,39700550,0,0,0
ru2204,20220218,20220218,112547000,11:25:48,14190,282,1600,39700550,0,0,0
ru2204,20220218,20220218,112547500,11:25:48,14190,282,1600,39700550,0,0,0
ru2204,20220218,20220218,112548000,11:25:48,14190,282,1600,39700550,0,0,0
ru2204,20220218,20220218,112548500,11:25:48,14190,282,1600,39700550,0,0,0
ru2204,20220218,20220218,112549000,11:25:49,14190,282,1600,39700550,0,0,0
ru2204,20220218,20220218,112549500,11:25:49,14190,282,1600,39700550,0,0,0
ru2204,20220218,20220218,112550000,11:25:50,14190,282,1600,39700550,0,0,0
ru2204,20220218,20220218,112550500,11:25:51,14190,282,1600,39700550,0,0,0
ru2204,20220218,20220218,112551000,11:25:51,14190,282,1600,39700550,0,0,0
ru2204,20220218,20220218,112551500,11:25:51,14190,282,1600,39700550,0,0,0
ru2204,20220218,20220218,112552000,11:25:52,14190,282,1600,39700550,0,0,0
ru2204,20220218,20220218,112552500,11:25:52,14190,282,1600,39700550,0,0,0
ru2204,20220218,20220218,112553000,11:25:53,14190,282,1600,39700550,0,0,0
ru2204,20220218,20220218,112553500,11:25:54,14190,282,1600,39700550,0,0,0
ru2204,20220218,20220218,112554000,11:25:54,14190,282,1600,39700550,0,0,0
ru2204,20220218,20220218,112554500,11:25:54,14190,282,1600,39700550,0,0,0
ru2204,20220218,20220218,112555000,11:25:55,14190,282,1600,39700550,0,0,0
ru2204,20220218,20220218,112555500,11:25:56,14190,282,1600,39700550,0,0,0
ru2204,20220218,20220218,112556000,11:25:57,14190,282,1600,39700550,0,0,0
ru2204,20220218,20220218,112556500,11:25:57,14190,282,1600,39700550,0,0,0
ru2204,20220218,20220218,112557000,11:25:57,14190,282,1600,39700550,0,0,0
ru2204,20220218,20220218,112557500,11:25:57,14190,282,1600,39700550,0,0,0
ru2204,20220218,20220218,112558000,11:25:59,14190,282,1600,39700550,0,0,0
ru2204,20220218,20220218,112559000,11:26:00,14190,282,1600,39700550,0,0,0
ru2204,20220218,20220218,112559500,11:26:00,14190,282,1600,39700550,0,0,0
ru2204,20220218,20220218,112600000,11:26:00,14190,282,1600,39700550,0,0,0
ru2204,20220218,20220218,112600500,11:26:01,14190,282,1600,39700550,0,0,0
ru2204,20220218,20220218,112601500,11:26:02,14190,282,1600,39700550,0,0,0
ru2204,20220218,20220218,112602000,11:26:03,14190,282,1600,39700550,0,0,0
ru2204,20220218,20220218,112602500,11:26:03,14190,282,1600,39700550,0,0,0
ru2204,20220218,20220218,112603000,11:26:03,14190,282,1600,39700550,0,0,0
ru2204,20220218,20220218,112603500,11:26:04,14190,282,1600,39700550,0,0,0
ru2204,20220218,20220218,112604000,11:26:05,14190,282,1600,39700550,0,0,0
ru2204,20220218,20220218,112604500,11:26:05,14190,282,1600,39700550,0,0,0
ru2204,20220218,20220218,112605000,11:26:05,14190,282,1600,39700550,0,0,0
ru2204,20220218,20220218,112605500,11:26:06,14190,282,1600,39700550,0,0,0
ru2204,20220218,20220218,112606000,11:26:06,14190,282,1600,39700550,0,0,0
ru2204,20220218,20220218,112606500,11:26:07,14190,282,1600,39700550,0,0,0
ru2204,20220218,20220218,112607000,11:26:09,14190,282,1600,39700550,0,0,0
ru2204,20220218,20220218,112608000,11:26:09,14190,282,1600,39700550,0,0,0
ru2204,20220218,20220218,112609000,11:26:10,14190,282,1600,39700550,0,0,0
ru2204,20220218,20220218,112609500,11:26:10,14190,282,1600,39700550,0,0,0
ru2204,20220218,20220218,112610000,11:26:10,14190,282,1600,39700550,0,0,0
ru2204,20220218,20220218,112610500,11:26:11,14190,282,1600,39700550,0,0,0
ru2204,20220218,20220218,112611000,11:26:11,14190,282,1600,39700550,0,0,0
ru2204,20220218,20220218,112611500,11:26:13,14190,282,1600,39700550,0,0,0
ru2204,20220218,20220218,112612000,11:26:14,14190,282,1600,39700550,0,0,0
ru2204,20220218,20220218,112612500,11:26:14,14190,282,1600,39700550,0,0,0
ru2204,20220218,20220218,112613000,11:26:15,14190,282,1600,39700550,0,0,0
ru2204,20220218,20220218,112613500,11:26:15,14190,282,1600,39700550,0,0,0
ru2204,20220218,20220218,112614000,11:26:15,14190,282,1600,39700550,0,0,0
ru2204,20220218,20220218,112614500,11:26:15,14190,282,1600,39700550,0,0,0
ru2204,20220218,20220218,112615000,11:26:16,14190,282,1600,39700550,0,0,0
ru2204,20220218,20220218,112615500,11:26:16,14190,282,1600,39700550,0,0,0
ru2204,20220218,20220218,112616000,11:26:16,14190,282,1600,39700550,0,0,0
ru2204,20220218,20220218,112616500,11:26:17,14190,282,1600,39700550,0,0,0
ru2204,20220218,20220218,112617000,11:26:17,14190,282,1600,39700550,0,0,0
ru2204,20220218,20220218,112617500,11:26:17,14190,282,1600,39700550,0,0,0
ru2204,20220218,20220218,112618000,11:26:18,14190,282,1600,39700550,0,0,0
ru2204,20220218,20220218,112618500,11:26:19,14190,282,1600,39700550,0,0,0
ru2204,20220218,20220218,112619000,11:26:19,14190,282,1600,39700550,0,0,0
ru2204,20220218,20220218,112619500,11:26:20,14190,282,1600,39700550,0,0,0
ru2204,20220218,20220218,112620000,11:26:20,14190,282,1600,39700550,0,0,0
ru2204,20220218,20220218,112620500,11:26:20,14190,282,1600,39700550,0,0,0
ru2204,20220218,20220218,112621000,11:26:21,14190,282,1600,39700550,0,0,0
ru2204,20220218,20220218,112621500,11:26:21,14190,282,1600,39700550,0,0,0
ru2204,20220218,20220218,112622000,11:26:22,14190,282,1600,39700550,0,0,0
ru2204,20220218,20220218,112622500,11:26:22,14190,282,1600,39700550,0,0,0
ru2204,20220218,20220218,112623000,11:26:23,14190,282,1600,39700550,0,0,0
ru2204,20220218,20220218,112623500,11:26:23,14190,282,1600,39700550,0,0,0
ru2204,20220218,20220218,112624000,11:26:24,14190,282,1600,39700550,0,0,0
ru2204,20220218,20220218,112624500,11:26:24,14190,282,1600,39700550,0,0,0
ru2204,20220218,20220218,112625000,11:26:25,14190,282,1600,39700550,0,0,0
ru2204,20220218,20220218,112625500,11:26:26,14190,282,1600,39700550,0,0,0
ru2204,20220218,20220218,112626000,11:26:26,14190,282,1600,39700550,0,0,0
ru2204,20220218,20220218,112626500,11:26:26,14190,282,1600,39700550,0,0,0
ru2204,20220218,20220218,112627000,11:26:27,14190,282,1600,39700550,0,0,0
ru2204,20220218,20220218,112627500,11:26:27,14190,282,1600,39700550,0,0,0
ru2204,20220218,20220218,112628000,11:26:28,14190,282,1600,39700550,0,0,0
ru2204,20220218,20220218,112628500,11:26:28,14190,282,1600,39700550,0,0,0
ru2204,20220218,20220218,112629000,11:26:29,14190,282,1600,39700550,0,0,0
ru2204,20220218,20220218,112629500,11:26:30,14190,282,1600,39700550,0,0,0
ru2204,20220218,20220218,112630000,11:26:31,14190,282,1600,39700550,0,0,0
ru2204,20220218,20220218,112630500,11:26:31,14190,282,1600,39700550,0,0,0
ru2204,20220218,20220218,112631000,11:26:31,14190,282,1600,39700550,0,0,0
ru2204,20220218,20220218,112631500,11:26:32,14190,282,1600,39700550,0,0,0
ru2204,20220218,20220218,112632000,11:26:32,14190,282,1600,39700550,0,0,0
ru2204,20220218,20220218,112632500,11:26:32,14190,282,1600,39700550,0,0,0
ru2204,20220218,20220218,112633000,11:26:33,14190,282,1600,39700550,0,0,0
ru2204,20220218,20220218,112633500,11:26:34,14190,282,1600,39700550,0,0,0
ru2204,20220218,20220218,112634000,11:26:35,14190,282,1600,39700550,0,0,0
ru2204,20220218,20220218,112634500,11:26:37,14190,282,1600,39700550,0,0,0
ru2204,20220218,20220218,112635000,11:26:37,14190,282,1600,39700550,0,0,0
ru2204,20220218,20220218,112635500,11:26:37,14190,282,1600,39700550,0,0,0
ru2204,20220218,20220218,112637000,11:26:54,14190,282,1600,39700550,0,0,0
ru2204,20220218,20220218,112637500,11:27:10,14190,282,1600,39700550,0,0,0
ru2204,20220218,20220218,112638000,11:27:10,14190,282,1600,39700550,0,0,0
ru2204,20220218,20220218,112638500,11:27:10,14190,282,1600,39700550,0,0,0
ru2204,20220218,20220218,112653500,11:27:11,14190,282,1600,39700550,0,0,0
ru2204,20220218,20220218,112710000,11:27:12,14190,282,1600,39700550,0,0,0
ru2204,20220218,20220218,112710500,11:27:12,14190,282,1600,39700550,0,0,0
ru2204,20220218,20220218,112712000,11:27:13,14190,282,1600,39700550,0,0,0
ru2204,20220218,20220218,112712500,11:27:13,14190,282,1600,39700550,0,0,0
ru2204,20220218,20220218,112713000,11:27:14,14190,282,1600,39700550,0,0,0
ru2204,20220218,20220218,112713500,11:27:14,14190,282,1600,39700550,0,0,0
ru2204,20220218,20220218,112714000,11:27:15,14190,282,1600,39700550,0,0,0
ru2204,20220218,20220218,112714500,11:27:15,14190,282,1600,39700550,0,0,0
ru2204,20220218,20220218,112715000,11:27:16,14190,282,1600,39700550,0,0,0
ru2204,20220218,20220218,112715500,11:27:16,14190,282,1600,39700550,0,0,0
ru2204,20220218,20220218,112716000,11:27:17,14190,282,1600,39700550,0,0,0
ru2204,20220218,20220218,112716500,11:27:17,14190,282,1600,39700550,0,0,0
ru2204,20220218,20220218,112717000,11:27:17,14190,282,1600,39700550,0,0,0
ru2204,20220218,20220218,112717500,11:27:17,14190,282,1600,39700550,0,0,0
ru2204,20220218,20220218,112718000,11:27:18,14190,282,1600,39700550,0,0,0
ru2204,20220218,20220218,112718500,11:27:19,14190,282,1600,39700550,0,0,0
ru2204,20220218,20220218,112719000,11:27:19,14190,282,1600,39700550,0,0,0
ru2204,20220218,20220218,112719500,11:27:20,14190,282,1600,39700550,0,0,0
ru2204,20220218,20220218,112720000,11:27:20,14190,282,1600,39700550,0,0,0
ru2204,20220218,20220218,112720500,11:27:21,14190,282,1600,39700550,0,0,0
ru2204,20220218,20220218,112721000,11:27:21,14190,282,1600,39700550,0,0,0
ru2204,20220218,20220218,112721500,11:27:22,14190,282,1600,39700550,0,0,0
ru2204,20220218,20220218,112722000,11:27:22,14190,282,1600,39700550,0,0,0
ru2204,20220218,20220218,112722500,11:27:22,14190,282,1600,39700550,0,0,0
ru2204,20220218,20220218,112723000,11:27:26,14190,282,1600,39700550,0,0,0
ru2204,20220218,20220218,112723500,11:27:27,14190,282,1600,39700550,0,0,0
ru2204,20220218,20220218,112724000,11:27:27,14190,282,1600,39700550,0,0,0
ru2204,20220218,20220218,112726500,11:27:27,14190,282,1600,39700550,0,0,0
ru2204,20220218,20220218,112727000,11:27:27,14190,282,1600,39700550,0,0,0
ru2204,20220218,20220218,112727500,11:27:27,14190,282,1600,39700550,0,0,0
ru2204,20220218,20220218,112728000,11:27:28,14190,282,1600,39700550,0,0,0
ru2204,20220218,20220218,112728500,11:27:28,14190,282,1600,39700550,0,0,0
ru2204,20220218,20220218,112729000,11:27:29,14190,282,1600,39700550,0,0,0
ru2204,20220218,20220218,112729500,11:27:29,14190,282,1600,39700550,0,0,0
ru2204,20220218,20220218,112730000,11:27:30,14190,282,1600,39700550,0,0,0
ru2204,20220218,20220218,112730500,11:27:31,14190,282,1600,39700550,0,0,0
ru2204,20220218,20220218,112731000,11:27:32,14190,282,1600,39700550,0,0,0
ru2204,20220218,20220218,112731500,11:27:35,14190,282,1600,39700550,0,0,0
ru2204,20220218,20220218,112732000,11:27:36,14190,282,1600,39700550,0,0,0
ru2204,20220218,20220218,112732500,11:27:36,14190,282,1600,39700550,0,0,0
ru2204,20220218,20220218,112735500,11:27:36,14190,282,1600,39700550,0,0,0
ru2204,20220218,20220218,112736000,11:27:37,14190,282,1600,39700550,0,0,0
ru2204,20220218,20220218,112736500,11:27:38,14190,282,1600,39700550,0,0,0
ru2204,20220218,20220218,112737000,11:27:38,14190,282,1600,39700550,0,0,0
ru2204,20220218,20220218,112737500,11:27:38,14190,282,1600,39700550,0,0,0
ru2204,20220218,20220218,112738000,11:27:38,14190,282,1600,39700550,0,0,0
ru2204,20220218,20220218,112738500,11:27:39,14190,282,1600,39700550,0,0,0
ru2204,20220218,20220218,112739000,11:27:39,14190,282,1600,39700550,0,0,0
ru2204,20220218,20220218,112739500,11:27:39,14190,282,1600,39700550,0,0,0
ru2204,20220218,20220218,112740000,11:27:40,14190,282,1600,39700550,0,0,0
ru2204,20220218,20220218,112740500,11:27:40,14190,282,1600,39700550,0,0,0
ru2204,20220218,20220218,112741000,11:27:41,14190,282,1600,39700550,0,0,0
ru2204,20220218,20220218,112741500,11:27:42,14190,282,1600,39700550,0,0,0
ru2204,20220218,20220218,112742000,11:27:42,14190,282,1600,39700550,0,0,0
ru2204,20220218,20220218,112742500,11:27:43,14190,282,1600,39700550,0,0,0
ru2204,20220218,20220218,112743000,11:27:43,14190,282,1600,39700550,0,0,0
ru2204,20220218,20220218,112743500,11:27:43,14190,282,1600,39700550,0,0,0
ru2204,20220218,20220218,112744000,11:27:44,14190,282,1600,39700550,0,0,0
ru2204,20220218,20220218,112744500,11:27:45,14190,282,1600,39700550,0,0,0
ru2204,20220218,20220218,112745000,11:27:45,14190,282,1600,39700550,0,0,0
ru2204,20220218,20220218,112745500,11:27:46,14190,282,1600,39700550,0,0,0
ru2204,20220218,20220218,112746000,11:27:46,14190,282,1600,39700550,0,0,0
ru2204,20220218,20220218,112746500,11:27:47,14190,282,1600,39700550,0,0,0
ru2204,20220218,20220218,112747000,11:27:47,14190,282,1600,39700550,0,0,0
ru2204,20220218,20220218,112747500,11:27:47,14190,282,1600,39700550,0,0,0
ru2204,20220218,20220218,112748000,11:27:53,14190,282,1600,39700550,0,0,0
ru2204,20220218,20220218,112748500,11:27:54,14190,282,1600,39700550,0,0,0
ru2204,20220218,20220218,112749000,11:27:54,14190,282,1600,39700550,0,0,0
ru2204,20220218,20220218,112749500,11:27:54,14190,282,1600,39700550,0,0,0
ru2204,20220218,20220218,112754000,11:27:54,14190,282,1600,39700550,0,0,0
ru2204,20220218,20220218,112754500,11:27:54,14190,282,1600,39700550,0,0,0
ru2204,20220218,20220218,112755000,11:27:55,14190,282,1600,39700550,0,0,0
ru2204,20220218,20220218,112755500,11:27:55,14190,282,1600,39700550,0,0,0
ru2204,20220218,20220218,112756000,11:27:56,14190,282,1600,39700550,0,0,0
ru2204,20220218,20220218,112756500,11:27:56,14190,282,1600,39700550,0,0,0
ru2204,20220218,20220218,112757000,11:27:57,14190,282,1600,39700550,0,0,0
ru2204,20220218,20220218,112757500,11:27:57,14190,282,1600,39700550,0,0,0
ru2204,20220218,20220218,112758000,11:27:58,14190,282,1600,39700550,0,0,0
ru2204,20220218,20220218,112759000,11:27:59,14190,282,1600,39700550,0,0,0
ru2204,20220218,20220218,112759500,11:27:59,14190,282,1600,39700550,0,0,0
ru2204,20220218,20220218,112800000,11:28:00,14190,282,1600,39700550,0,0,0
ru2204,20220218,20220218,112800500,11:28:01,14190,282,1600,39700550,0,0,0
ru2204,20220218,20220218,112801000,11:28:01,14190,282,1600,39700550,0,0,0
ru2204,20220218,20220218,112801500,11:28:02,14190,282,1600,39700550,0,0,0
ru2204,20220218,20220218,112802000,11:28:03,14190,282,1600,39700550,0,0,0
ru2204,20220218,20220218,112802500,11:28:03,14190,282,1600,39700550,0,0,0
ru2204,20220218,20220218,112803000,11:28:04,14190,282,1600,39700550,0,0,0
ru2204,20220218,20220218,112803500,11:28:04,14190,282,1600,39700550,0,0,0
ru2204,20220218,20220218,112804000,11:28:04,14190,282,1600,39700550,0,0,0
ru2204,20220218,20220218,112804500,11:28:05,14190,282,1600,39700550,0,0,0
ru2204,20220218,20220218,112805000,11:28:06,14190,282,1600,39700550,0,0,0
ru2204,20220218,20220218,112805500,11:28:06,14190,282,1600,39700550,0,0,0
ru2204,20220218,20220218,112806000,11:28:10,14190,282,1600,39700550,0,0,0
ru2204,20220218,20220218,112806500,11:28:10,14190,282,1600,39700550,0,0,0
ru2204,20220218,20220218,112807000,11:28:10,14190,282,1600,39700550,0,0,0
ru2204,20220218,20220218,112810000,11:28:11,14190,282,1600,39700550,0,0,0
ru2204,20220218,20220218,112810500,11:28:12,14190,282,1600,39700550,0,0,0
ru2204,20220218,20220218,112811000,11:28:12,14190,282,1600,39700550,0,0,0
ru2204,20220218,20220218,112811500,11:28:12,14190,282,1600,39700550,0,0,0
ru2204,20220218,20220218,112812000,11:28:13,14190,282,1600,39700550,0,0,0
ru2204,20220218,20220218,112812500,11:28:13,14190,282,1600,39700550,0,0,0
ru2204,20220218,20220218,112813000,11:28:13,14190,282,1600,39700550,0,0,0
ru2204,20220218,20220218,112813500,11:28:14,14205,283,1600,39842600,1,0,142050
ru2204,20220218,20220218,112814000,11:28:14,14205,283,1600,39842600,0,0,0
ru2204,20220218,20220218,112814500,11:28:14,14205,283,1600,39842600,0,0,0
ru2204,20220218,20220218,112815000,11:28:15,14205,283,1600,39842600,0,0,0
ru2204,20220218,20220218,112815500,11:28:15,14205,283,1600,39842600,0,0,0
ru2204,20220218,20220218,112816000,11:28:16,14205,283,1600,39842600,0,0,0
ru2204,20220218,20220218,112816500,11:28:16,14205,283,1600,39842600,0,0,0
ru2204,20220218,20220218,112817000,11:28:17,14205,283,1600,39842600,0,0,0
ru2204,20220218,20220218,112817500,11:28:17,14205,283,1600,39842600,0,0,0
ru2204,20220218,20220218,112818000,11:28:18,14205,283,1600,39842600,0,0,0
ru2204,20220218,20220218,112818500,11:28:18,14205,283,1600,39842600,0,0,0
ru2204,20220218,20220218,112819000,11:28:19,14205,283,1600,39842600,0,0,0
ru2204,20220218,20220218,112819500,11:28:19,14205,283,1600,39842600,0,0,0
ru2204,20220218,20220218,112820000,11:28:20,14205,283,1600,39842600,0,0,0
ru2204,20220218,20220218,112820500,11:28:20,14205,283,1600,39842600,0,0,0
ru2204,20220218,20220218,112821000,11:28:21,14205,283,1600,39842600,0,0,0
ru2204,20220218,20220218,112821500,11:28:22,14205,283,1600,39842600,0,0,0
ru2204,20220218,20220218,112822000,11:28:22,14205,283,1600,39842600,0,0,0
ru2204,20220218,20220218,112822500,11:28:22,14205,283,1600,39842600,0,0,0
ru2204,20220218,20220218,112823000,11:28:23,14205,283,1600,39842600,0,0,0
ru2204,20220218,20220218,112823500,11:28:23,14205,283,1600,39842600,0,0,0
ru2204,20220218,20220218,112824000,11:28:24,14205,283,1600,39842600,0,0,0
ru2204,20220218,20220218,112824500,11:28:24,14205,283,1600,39842600,0,0,0
ru2204,20220218,20220218,112825000,11:28:25,14205,283,1600,39842600,0,0,0
ru2204,20220218,20220218,112825500,11:28:25,14205,283,1600,39842600,0,0,0
ru2204,20220218,20220218,112826000,11:28:26,14205,283,1600,39842600,0,0,0
ru2204,20220218,20220218,112826500,11:28:27,14205,283,1600,39842600,0,0,0
ru2204,20220218,20220218,112827000,11:28:27,14205,283,1600,39842600,0,0,0
ru2204,20220218,20220218,112827500,11:28:27,14205,283,1600,39842600,0,0,0
ru2204,20220218,20220218,112828000,11:28:28,14205,283,1600,39842600,0,0,0
ru2204,20220218,20220218,112828500,11:28:28,14205,283,1600,39842600,0,0,0
ru2204,20220218,20220218,112829000,11:28:29,14205,283,1600,39842600,0,0,0
ru2204,20220218,20220218,112829500,11:28:30,14205,283,1600,39842600,0,0,0
ru2204,20220218,20220218,112830000,11:28:30,14205,283,1600,39842600,0,0,0
ru2204,20220218,20220218,112830500,11:28:31,14205,283,1600,39842600,0,0,0
ru2204,20220218,20220218,112831000,11:28:31,14205,283,1600,39842600,0,0,0
ru2204,20220218,20220218,112831500,11:28:31,14205,283,1600,39842600,0,0,0
ru2204,20220218,20220218,112832000,11:28:32,14205,283,1600,39842600,0,0,0
ru2204,20220218,20220218,112832500,11:28:33,14205,283,1600,39842600,0,0,0
ru2204,20220218,20220218,112833000,11:28:33,14205,283,1600,39842600,0,0,0
ru2204,20220218,20220218,112833500,11:28:34,14205,283,1600,39842600,0,0,0
ru2204,20220218,20220218,112834000,11:28:34,14205,283,1600,39842600,0,0,0
ru2204,20220218,20220218,112834500,11:28:34,14205,283,1600,39842600,0,0,0
ru2204,20220218,20220218,112835000,11:28:35,14205,283,1600,39842600,0,0,0
ru2204,20220218,20220218,112835500,11:28:37,14205,283,1600,39842600,0,0,0
ru2204,20220218,20220218,112836000,11:28:37,14205,283,1600,39842600,0,0,0
ru2204,20220218,20220218,112836500,11:28:37,14205,283,1600,39842600,0,0,0
ru2204,20220218,20220218,112837000,11:28:37,14205,283,1600,39842600,0,0,0
ru2204,20220218,20220218,112837500,11:28:37,14205,283,1600,39842600,0,0,0
ru2204,20220218,20220218,112838000,11:28:38,14205,283,1600,39842600,0,0,0
ru2204,20220218,20220218,112838500,11:28:38,14205,283,1600,39842600,0,0,0
ru2204,20220218,20220218,112839000,11:28:40,14205,283,1600,39842600,0,0,0
ru2204,20220218,20220218,112839500,11:28:40,14205,283,1600,39842600,0,0,0
ru2204,20220218,20220218,112840000,11:28:40,14205,283,1600,39842600,0,0,0
ru2204,20220218,20220218,112840500,11:28:40,14205,283,1600,39842600,0,0,0
ru2204,20220218,20220218,112841000,11:28:41,14205,283,1600,39842600,0,0,0
ru2204,20220218,20220218,112841500,11:28:41,14205,283,1600,39842600,0,0,0
ru2204,20220218,20220218,112842000,11:28:42,14205,283,1600,39842600,0,0,0
ru2204,20220218,20220218,112842500,11:28:42,14205,283,1600,39842600,0,0,0
ru2204,20220218,20220218,112843000,11:28:43,14205,283,1600,39842600,0,0,0
ru2204,20220218,20220218,112843500,11:28:44,14205,283,1600,39842600,0,0,0
ru2204,20220218,20220218,112844000,11:28:44,14205,283,1600,39842600,0,0,0
ru2204,20220218,20220218,112845500,11:28:46,14205,283,1600,39842600,0,0,0
ru2204,20220218,20220218,112846000,11:28:46,14205,283,1600,39842600,0,0,0
ru2204,20220218,20220218,112848000,11:28:48,14205,283,1600,39842600,0,0,0
ru2204,20220218,20220218,112848500,11:28:48,14205,283,1600,39842600,0,0,0
ru2204,20220218,20220218,112850500,11:28:50,14205,283,1600,39842600,0,0,0
ru2204,20220218,20220218,112852500,11:28:53,14205,283,1600,39842600,0,0,0
ru2204,20220218,20220218,112854500,11:28:54,14205,283,1600,39842600,0,0,0
ru2204,20220218,20220218,112855000,11:28:55,14205,283,1600,39842600,0,0,0
ru2204,20220218,20220218,112855500,11:28:56,14205,283,1600,39842600,0,0,0
ru2204,20220218,20220218,112857000,11:28:57,14205,283,1600,39842600,0,0,0
ru2204,20220218,20220218,112857500,11:28:58,14205,283,1600,39842600,0,0,0
ru2204,20220218,20220218,112858000,11:28:59,14205,283,1600,39842600,0,0,0
ru2204,20220218,20220218,112858500,11:28:59,14205,283,1600,39842600,0,0,0
ru2204,20220218,20220218,112859000,11:28:59,14205,283,1600,39842600,0,0,0
ru2204,20220218,20220218,112900500,11:29:01,14205,283,1600,39842600,0,0,0
ru2204,20220218,20220218,112901500,11:29:02,14205,283,1600,39842600,0,0,0
ru2204,20220218,20220218,112909500,11:29:09,14205,283,1600,39842600,0,0,0
ru2204,20220218,20220218,112910000,11:29:10,14205,283,1600,39842600,0,0,0
ru2204,20220218,20220218,112913500,11:29:14,14205,283,1600,39842600,0,0,0
ru2204,20220218,20220218,112920500,11:29:22,14205,283,1600,39842600,0,0,0
ru2204,20220218,20220218,112921500,11:29:24,14205,283,1600,39842600,0,0,0
ru2204,20220218,20220218,112922000,11:29:24,14205,283,1600,39842600,0,0,0
ru2204,20220218,20220218,112925000,11:29:25,14205,283,1600,39842600,0,0,0
ru2204,20220218,20220218,112925500,11:29:25,14205,283,1600,39842600,0,0,0
ru2204,20220218,20220218,112926000,11:29:26,14205,283,1600,39842600,0,0,0
ru2204,20220218,20220218,112926500,11:29:26,14205,283,1600,39842600,0,0,0
ru2204,20220218,20220218,112927000,11:29:27,14205,283,1600,39842600,0,0,0
ru2204,20220218,20220218,112927500,11:29:27,14205,283,1600,39842600,0,0,0
ru2204,20220218,20220218,112928000,11:29:28,14205,283,1600,39842600,0,0,0
ru2204,20220218,20220218,112928500,11:29:28,14205,283,1600,39842600,0,0,0
ru2204,20220218,20220218,112929000,11:29:29,14205,283,1600,39842600,0,0,0
ru2204,20220218,20220218,112929500,11:29:29,14205,283,1600,39842600,0,0,0
ru2204,20220218,20220218,112930000,11:29:30,14205,283,1600,39842600,0,0,0
ru2204,20220218,20220218,112930500,11:29:30,14205,283,1600,39842600,0,0,0
ru2204,20220218,20220218,112931000,11:29:32,14205,283,1600,39842600,0,0,0
ru2204,20220218,20220218,112931500,11:29:32,14205,283,1600,39842600,0,0,0
ru2204,20220218,20220218,112932000,11:29:32,14205,283,1600,39842600,0,0,0
ru2204,20220218,20220218,112932500,11:29:36,14205,283,1600,39842600,0,0,0
ru2204,20220218,20220218,112933000,11:29:37,14205,283,1600,39842600,0,0,0
ru2204,20220218,20220218,112933500,11:29:38,14205,283,1600,39842600,0,0,0
ru2204,20220218,20220218,112936500,11:29:38,14205,283,1600,39842600,0,0,0
ru2204,20220218,20220218,112937500,11:29:38,14205,283,1600,39842600,0,0,0
ru2204,20220218,20220218,112938000,11:29:38,14205,283,1600,39842600,0,0,0
ru2204,20220218,20220218,112938500,11:29:39,14205,283,1600,39842600,0,0,0
ru2204,20220218,20220218,112939000,11:29:39,14205,283,1600,39842600,0,0,0
ru2204,20220218,20220218,112939500,11:29:40,14205,283,1600,39842600,0,0,0
ru2204,20220218,20220218,112940000,11:29:40,14205,283,1600,39842600,0,0,0
ru2204,20220218,20220218,112940500,11:29:40,14205,283,1600,39842600,0,0,0
ru2204,20220218,20220218,112941000,11:29:41,14205,283,1600,39842600,0,0,0
ru2204,20220218,20220218,112941500,11:29:42,14205,283,1600,39842600,0,0,0
ru2204,20220218,20220218,112942000,11:29:44,14205,283,1600,39842600,0,0,0
ru2204,20220218,20220218,112942500,11:29:44,14205,283,1600,39842600,0,0,0
ru2204,20220218,20220218,112943000,11:29:45,14205,283,1600,39842600,0,0,0
ru2204,20220218,20220218,112943500,11:29:45,14205,283,1600,39842600,0,0,0
ru2204,20220218,20220218,112946500,11:29:47,14205,283,1600,39842600,0,0,0
ru2204,20220218,20220218,112947500,11:29:48,14205,283,1600,39842600,0,0,0
ru2204,20220218,20220218,112948000,11:29:49,14205,283,1600,39842600,0,0,0
ru2204,20220218,20220218,112948500,11:29:50,14205,283,1600,39842600,0,0,0
ru2204,20220218,20220218,112950500,11:29:51,14205,283,1600,39842600,0,0,0
ru2204,20220218,20220218,112953500,11:29:54,14205,283,1600,39842600,0,0,0
ru2204,20220218,20220218,112954500,11:29:54,14205,283,1600,39842600,0,0,0
ru2204,20220218,20220218,112955000,11:29:55,14205,283,1600,39842600,0,0,0
ru2204,20220218,20220218,112955500,11:29:56,14205,283,1600,39842600,0,0,0
ru2204,20220218,20220218,112956000,11:29:56,14205,283,1600,39842600,0,0,0
ru2204,20220218,20220218,112956500,11:30:00,14205,283,1600,39842600,0,0,0
ru2204,20220218,20220218,112957000,11:30:01,14205,283,1600,39842600,0,0,0
ru2204,20220218,20220218,112959500,11:30:02,14205,283,1600,39842600,0,0,0
ru2204,20220218,20220218,113001500,11:30:03,14205,283,1600,39842600,0,0,0
ru2204,20220218,20220218,133002000,13:30:08,14205,283,1600,39842600,0,0,0
ru2204,20220218,20220218,133002500,13:30:10,14205,283,1600,39842600,0,0,0
ru2204,20220218,20220218,133007000,13:30:10,14205,283,1600,39842600,0,0,0
ru2204,20220218,20220218,133009500,13:30:11,14205,283,1600,39842600,0,0,0
ru2204,20220218,20220218,133010000,13:30:11,14205,283,1600,39842600,0,0,0
ru2204,20220218,20220218,133010500,13:30:12,14205,283,1600,39842600,0,0,0
ru2204,20220218,20220218,133011000,13:30:13,14205,283,1600,39842600,0,0,0
ru2204,20220218,20220218,133011500,13:30:13,14205,283,1600,39842600,0,0,0
ru2204,20220218,20220218,133012500,13:30:13,14205,283,1600,39842600,0,0,0
ru2204,20220218,20220218,133013000,13:30:14,14205,283,1600,39842600,0,0,0
ru2204,20220218,20220218,133015000,13:30:17,14205,283,1600,39842600,0,0,0
ru2204,20220218,20220218,133016000,13:30:18,14205,283,1600,39842600,0,0,0
ru2204,20220218,20220218,133025500,13:30:41,14205,283,1600,39842600,0,0,0
ru2204,20220218,20220218,133041500,13:30:43,14205,283,1600,39842600,0,0,0
ru2204,20220218,20220218,133042500,13:30:44,14205,283,1600,39842600,0,0,0
ru2204,20220218,20220218,133044500,13:30:46,14205,283,1600,39842600,0,0,0
ru2204,20220218,20220218,133046500,13:30:47,14205,283,1600,39842600,0,0,0
ru2204,20220218,20220218,133047000,13:30:48,14205,283,1600,39842600,0,0,0
ru2204,20220218,20220218,133047500,13:30:48,14205,283,1600,39842600,0,0,0
ru2204,20220218,20220218,133049500,13:30:50,14205,283,1600,39842600,0,0,0
ru2204,20220218,20220218,133050000,13:30:51,14205,283,1600,39842600,0,0,0
ru2204,20220218,20220218,133050500,13:30:51,14205,283,1600,39842600,0,0,0
ru2204,20220218,20220218,133051500,13:30:52,14205,283,1600,39842600,0,0,0
ru2204,20220218,20220218,133101500,13:31:01,14205,283,1600,39842600,0,0,0
ru2204,20220218,20220218,133103000,13:31:03,14205,283,1600,39842600,0,0,0
ru2204,20220218,20220218,133103500,13:31:04,14205,283,1600,39842600,0,0,0
ru2204,20220218,20220218,133104000,13:31:06,14205,283,1600,39842600,0,0,0
ru2204,20220218,20220218,133104500,13:31:07,14205,283,1600,39842600,0,0,0
ru2204,20220218,20220218,133105500,13:31:08,14205,283,1600,39842600,0,0,0
ru2204,20220218,20220218,133107000,13:31:09,14205,283,1600,39842600,0,0,0
ru2204,20220218,20220218,133107500,13:31:09,14205,283,1600,39842600,0,0,0
ru2204,20220218,20220218,133110000,13:31:11,14205,283,1600,39842600,0,0,0
ru2204,20220218,20220218,133110500,13:31:11,14205,283,1600,39842600,0,0,0
ru2204,20220218,20220218,133113000,13:31:13,14205,283,1600,39842600,0,0,0
ru2204,20220218,20220218,133116000,13:31:16,14205,283,1600,39842600,0,0,0
ru2204,20220218,20220218,133116500,13:31:17,14205,283,1600,39842600,0,0,0
ru2204,20220218,20220218,133117000,13:31:17,14205,283,1600,39842600,0,0,0
ru2204,20220218,20220218,133117500,13:31:18,14205,283,1600,39842600,0,0,0
ru2204,20220218,20220218,133118000,13:31:19,14205,283,1600,39842600,0,0,0
ru2204,20220218,20220218,133118500,13:31:19,14205,283,1600,39842600,0,0,0
ru2204,20220218,20220218,133119000,13:31:19,14205,283,1600,39842600,0,0,0
ru2204,20220218,20220218,133119500,13:31:20,14205,283,1600,39842600,0,0,0
ru2204,20220218,20220218,133120000,13:31:20,14205,283,1600,39842600,0,0,0
ru2204,20220218,20220218,133200500,13:32:01,14205,283,1600,39842600,0,0,0
ru2204,20220218,20220218,133206500,13:32:07,14205,283,1600,39842600,0,0,0
ru2204,20220218,20220218,133208500,13:32:10,14205,283,1600,39842600,0,0,0
ru2204,20220218,20220218,133209000,13:32:10,14205,283,1600,39842600,0,0,0
ru2204,20220218,20220218,133209500,13:32:10,14205,283,1600,39842600,0,0,0
ru2204,20220218,20220218,133210000,13:32:11,14205,283,1600,39842600,0,0,0
ru2204,20220218,20220218,133211000,13:32:14,14205,283,1600,39842600,0,0,0
ru2204,20220218,20220218,133213000,13:32:15,14205,283,1600,39842600,0,0,0
ru2204,20220218,20220218,133214000,13:32:15,14205,283,1600,39842600,0,0,0
ru2204,20220218,20220218,133223000,13:32:24,14205,283,1600,39842600,0,0,0
ru2204,20220218,20220218,133232000,13:32:35,14205,283,1600,39842600,0,0,0
ru2204,20220218,20220218,133232500,13:32:35,14205,283,1600,39842600,0,0,0
ru2204,20220218,20220218,133234500,13:32:35,14205,283,1600,39842600,0,0,0
ru2204,20220218,20220218,133235000,13:32:36,14205,283,1600,39842600,0,0,0
ru2204,20220218,20220218,133235500,13:32:36,14205,283,1600,39842600,0,0,0
ru2204,20220218,20220218,133236000,13:32:37,14205,283,1600,39842600,0,0,0
ru2204,20220218,20220218,133236500,13:32:37,14205,283,1600,39842600,0,0,0
ru2204,20220218,20220218,133239500,13:32:40,14205,283,1600,39842600,0,0,0
ru2204,20220218,20220218,133240000,13:32:40,14205,283,1600,39842600,0,0,0
ru2204,20220218,20220218,133240500,13:32:41,14205,283,1600,39842600,0,0,0
ru2204,20220218,20220218,133241000,13:32:41,14205,283,1600,39842600,0,0,0
ru2204,20220218,20220218,133241500,13:32:42,14205,283,1600,39842600,0,0,0
ru2204,20220218,20220218,133242000,13:32:42,14205,283,1600,39842600,0,0,0
ru2204,20220218,20220218,133242500,13:32:42,14205,283,1600,39842600,0,0,0
ru2204,20220218,20220218,133243000,13:32:43,14205,283,1600,39842600,0,0,0
ru2204,20220218,20220218,133243500,13:32:43,14205,283,1600,39842600,0,0,0
ru2204,20220218,20220218,133244000,13:32:44,14205,283,1600,39842600,0,0,0
ru2204,20220218,20220218,133244500,13:32:45,14205,283,1600,39842600,0,0,0
ru2204,20220218,20220218,133245000,13:32:45,14205,283,1600,39842600,0,0,0
ru2204,20220218,20220218,133245500,13:32:45,14205,283,1600,39842600,0,0,0
ru2204,20220218,20220218,133246000,13:32:47,14205,283,1600,39842600,0,0,0
ru2204,20220218,20220218,133246500,13:32:47,14205,283,1600,39842600,0,0,0
ru2204,20220218,20220218,133247000,13:32:47,14205,283,1600,39842600,0,0,0
ru2204,20220218,20220218,133247500,13:32:48,14205,283,1600,39842600,0,0,0
ru2204,20220218,20220218,133248000,13:32:48,14205,283,1600,39842600,0,0,0
ru2204,20220218,20220218,133248500,13:32:49,14205,283,1600,39842600,0,0,0
ru2204,20220218,20220218,133249000,13:32:49,14205,283,1600,39842600,0,0,0
ru2204,20220218,20220218,133249500,13:32:50,14205,283,1600,39842600,0,0,0
ru2204,20220218,20220218,133250000,13:32:50,14205,283,1600,39842600,0,0,0
ru2204,20220218,20220218,133250500,13:32:52,14205,283,1600,39842600,0,0,0
ru2204,20220218,20220218,133251000,13:32:52,14205,283,1600,39842600,0,0,0
ru2204,20220218,20220218,133251500,13:32:53,14205,283,1600,39842600,0,0,0
ru2204,20220218,20220218,133252500,13:32:53,14205,283,1600,39842600,0,0,0
ru2204,20220218,20220218,133253000,13:32:53,14205,283,1600,39842600,0,0,0
ru2204,20220218,20220218,133253500,13:32:54,14205,283,1600,39842600,0,0,0
ru2204,20220218,20220218,133254000,13:32:54,14205,283,1600,39842600,0,0,0
ru2204,20220218,20220218,133254500,13:32:55,14205,283,1600,39842600,0,0,0
ru2204,20220218,20220218,133255000,13:32:55,14205,283,1600,39842600,0,0,0
ru2204,20220218,20220218,133255500,13:32:55,14205,283,1600,39842600,0,0,0
ru2204,20220218,20220218,133256000,13:32:56,14205,283,1600,39842600,0,0,0
ru2204,20220218,20220218,133256500,13:32:56,14205,283,1600,39842600,0,0,0
ru2204,20220218,20220218,133257000,13:32:59,14205,283,1600,39842600,0,0,0
ru2204,20220218,20220218,133257500,13:33:00,14205,283,1600,39842600,0,0,0
ru2204,20220218,20220218,133258000,13:33:00,14205,283,1600,39842600,0,0,0
ru2204,20220218,20220218,133258500,13:33:00,14205,283,1600,39842600,0,0,0
ru2204,20220218,20220218,133259500,13:33:01,14205,283,1600,39842600,0,0,0
ru2204,20220218,20220218,133300000,13:33:01,14205,283,1600,39842600,0,0,0
ru2204,20220218,20220218,133300500,13:33:01,14205,283,1600,39842600,0,0,0
ru2204,20220218,20220218,133301000,13:33:02,14185,284,1599,39984450,1,-1,141850
ru2204,20220218,20220218,133301500,13:33:02,14185,284,1599,39984450,0,0,0
ru2204,20220218,20220218,133302000,13:33:03,14185,284,1599,39984450,0,0,0
ru2204,20220218,20220218,133302500,13:33:03,14185,284,1599,39984450,0,0,0
ru2204,20220218,20220218,133303000,13:33:04,14185,284,1599,39984450,0,0,0
ru2204,20220218,20220218,133303500,13:33:04,14185,284,1599,39984450,0,0,0
ru2204,20220218,20220218,133304000,13:33:04,14185,284,1599,39984450,0,0,0
ru2204,20220218,20220218,133304500,13:33:05,14185,284,1599,39984450,0,0,0
ru2204,20220218,20220218,133305000,13:33:05,14185,284,1599,39984450,0,0,0
ru2204,20220218,20220218,133305500,13:33:05,14185,284,1599,39984450,0,0,0
ru2204,20220218,20220218,133306000,13:33:06,14185,284,1599,39984450,0,0,0
ru2204,20220218,20220218,133306500,13:33:06,14185,284,1599,39984450,0,0,0
ru2204,20220218,20220218,133307000,13:33:07,14185,284,1599,39984450,0,0,0
ru2204,20220218,20220218,133307500,13:33:08,14185,284,1599,39984450,0,0,0
ru2204,20220218,20220218,133308000,13:33:08,14185,284,1599,39984450,0,0,0
ru2204,20220218,20220218,133308500,13:33:09,14185,284,1599,39984450,0,0,0
ru2204,20220218,20220218,133309000,13:33:09,14185,284,1599,39984450,0,0,0
ru2204,20220218,20220218,133309500,13:33:10,14185,284,1599,39984450,0,0,0
ru2204,20220218,20220218,133310000,13:33:11,14185,284,1599,39984450,0,0,0
ru2204,20220218,20220218,133310500,13:33:12,14185,284,1599,39984450,0,0,0
ru2204,20220218,20220218,133311000,13:33:14,14185,284,1599,39984450,0,0,0
ru2204,20220218,20220218,133311500,13:33:14,14185,284,1599,39984450,0,0,0
ru2204,20220218,20220218,133312000,13:33:14,14185,284,1599,39984450,0,0,0
ru2204,20220218,20220218,133313500,13:33:15,14185,284,1599,39984450,0,0,0
ru2204,20220218,20220218,133314000,13:33:17,14185,284,1599,39984450,0,0,0
ru2204,20220218,20220218,133314500,13:33:17,14185,284,1599,39984450,0,0,0
ru2204,20220218,20220218,133315000,13:33:18,14185,284,1599,39984450,0,0,0
ru2204,20220218,20220218,133315500,13:33:18,14185,284,1599,39984450,0,0,0
ru2204,20220218,20220218,133317000,13:33:19,14185,284,1599,39984450,0,0,0
ru2204,20220218,20220218,133318000,13:33:19,14185,284,1599,39984450,0,0,0
ru2204,20220218,20220218,133318500,13:33:19,14185,284,1599,39984450,0,0,0
ru2204,20220218,20220218,133319000,13:33:20,14185,284,1599,39984450,0,0,0
ru2204,20220218,20220218,133319500,13:33:20,14185,284,1599,39984450,0,0,0
ru2204,20220218,20220218,133320000,13:33:21,14185,284,1599,39984450,0,0,0
ru2204,20220218,20220218,133320500,13:33:21,14185,284,1599,39984450,0,0,0
ru2204,20220218,20220218,133321000,13:33:22,14185,284,1599,39984450,0,0,0
ru2204,20220218,20220218,133321500,13:33:22,14185,284,1599,39984450,0,0,0
ru2204,20220218,20220218,133322000,13:33:22,14185,284,1599,39984450,0,0,0
ru2204,20220218,20220218,133322500,13:33:22,14185,284,1599,39984450,0,0,0
ru2204,20220218,20220218,133323000,13:33:23,14185,284,1599,39984450,0,0,0
ru2204,20220218,20220218,133323500,13:33:24,14185,284,1599,39984450,0,0,0
ru2204,20220218,20220218,133324000,13:33:24,14185,284,1599,39984450,0,0,0
ru2204,20220218,20220218,133324500,13:33:25,14185,284,1599,39984450,0,0,0
ru2204,20220218,20220218,133325000,13:33:26,14185,284,1599,39984450,0,0,0
ru2204,20220218,20220218,133325500,13:33:27,14185,284,1599,39984450,0,0,0
ru2204,20220218,20220218,133326000,13:33:27,14185,284,1599,39984450,0,0,0
ru2204,20220218,20220218,133326500,13:33:29,14185,284,1599,39984450,0,0,0
ru2204,20220218,20220218,133327000,13:33:29,14185,284,1599,39984450,0,0,0
ru2204,20220218,20220218,133328500,13:33:30,14185,284,1599,39984450,0,0,0
ru2204,20220218,20220218,133329000,13:33:30,14185,284,1599,39984450,0,0,0
ru2204,20220218,20220218,133329500,13:33:30,14185,284,1599,39984450,0,0,0
ru2204,20220218,20220218,133330000,13:33:30,14185,284,1599,39984450,0,0,0
ru2204,20220218,20220218,133330500,13:33:31,14185,284,1599,39984450,0,0,0
ru2204,20220218,20220218,133331000,13:33:32,14185,284,1599,39984450,0,0,0
ru2204,20220218,20220218,133331500,13:33:32,14185,284,1599,39984450,0,0,0
ru2204,20220218,20220218,133332000,13:33:32,14185,284,1599,39984450,0,0,0
ru2204,20220218,20220218,133332500,13:33:33,14185,284,1599,39984450,0,0,0
ru2204,20220218,20220218,133333000,13:33:33,14185,284,1599,39984450,0,0,0
ru2204,20220218,20220218,133333500,13:33:33,14185,284,1599,39984450,0,0,0
ru2204,20220218,20220218,133334000,13:33:34,14185,284,1599,39984450,0,0,0
ru2204,20220218,20220218,133334500,13:33:34,14185,284,1599,39984450,0,0,0
ru2204,20220218,20220218,133335000,13:33:35,14185,284,1599,39984450,0,0,0
ru2204,20220218,20220218,133335500,13:33:35,14185,284,1599,39984450,0,0,0
ru2204,20220218,20220218,133336000,13:33:36,14185,284,1599,39984450,0,0,0
ru2204,20220218,20220218,133336500,13:33:36,14185,284,1599,39984450,0,0,0
ru2204,20220218,20220218,133337000,13:33:37,14185,284,1599,39984450,0,0,0
ru2204,20220218,20220218,133337500,13:33:37,14185,284,1599,39984450,0,0,0
ru2204,20220218,20220218,133338000,13:33:38,14185,284,1599,39984450,0,0,0
ru2204,20220218,20220218,133338500,13:33:39,14185,284,1599,39984450,0,0,0
ru2204,20220218,20220218,133339000,13:33:39,14185,284,1599,39984450,0,0,0
ru2204,20220218,20220218,133339500,13:33:40,14185,284,1599,39984450,0,0,0
ru2204,20220218,20220218,133340000,13:33:40,14185,284,1599,39984450,0,0,0
ru2204,20220218,20220218,133340500,13:33:41,14185,284,1599,39984450,0,0,0
ru2204,20220218,20220218,133341000,13:33:41,14185,284,1599,39984450,0,0,0
ru2204,20220218,20220218,133341500,13:33:42,14185,284,1599,39984450,0,0,0
ru2204,20220218,20220218,133342000,13:33:42,14185,284,1599,39984450,0,0,0
ru2204,20220218,20220218,133342500,13:33:42,14185,284,1599,39984450,0,0,0
ru2204,20220218,20220218,133343000,13:33:43,14185,284,1599,39984450,0,0,0
ru2204,20220218,20220218,133343500,13:33:44,14185,284,1599,39984450,0,0,0
ru2204,20220218,20220218,133344000,13:33:44,14185,284,1599,39984450,0,0,0
ru2204,20220218,20220218,133344500,13:33:45,14185,284,1599,39984450,0,0,0
ru2204,20220218,20220218,133345000,13:33:45,14185,284,1599,39984450,0,0,0
ru2204,20220218,20220218,133345500,13:33:47,14185,284,1599,39984450,0,0,0
ru2204,20220218,20220218,133346000,13:33:47,14185,284,1599,39984450,0,0,0
ru2204,20220218,20220218,133346500,13:33:48,14185,284,1599,39984450,0,0,0
ru2204,20220218,20220218,133347000,13:33:48,14185,284,1599,39984450,0,0,0
ru2204,20220218,20220218,133347500,13:33:49,14185,284,1599,39984450,0,0,0
ru2204,20220218,20220218,133348000,13:33:49,14185,284,1599,39984450,0,0,0
ru2204,20220218,20220218,133348500,13:33:49,14185,284,1599,39984450,0,0,0
ru2204,20220218,20220218,133349000,13:33:50,14185,284,1599,39984450,0,0,0
ru2204,20220218,20220218,133349500,13:33:50,14185,284,1599,39984450,0,0,0
ru2204,20220218,20220218,133350000,13:33:50,14185,284,1599,39984450,0,0,0
ru2204,20220218,20220218,133350500,13:33:50,14185,284,1599,39984450,0,0,0
ru2204,20220218,20220218,133351000,13:33:51,14185,284,1599,39984450,0,0,0
ru2204,20220218,20220218,133351500,13:33:52,14185,284,1599,39984450,0,0,0
ru2204,20220218,20220218,133352000,13:33:52,14185,284,1599,39984450,0,0,0
ru2204,20220218,20220218,133352500,13:33:52,14185,284,1599,39984450,0,0,0
ru2204,20220218,20220218,133353000,13:33:53,14185,284,1599,39984450,0,0,0
ru2204,20220218,20220218,133353500,13:33:53,14185,284,1599,39984450,0,0,0
ru2204,20220218,20220218,133354000,13:33:54,14185,284,1599,39984450,0,0,0
ru2204,20220218,20220218,133354500,13:33:55,14185,284,1599,39984450,0,0,0
ru2204,20220218,20220218,133355000,13:33:56,14185,284,1599,39984450,0,0,0
ru2204,20220218,20220218,133355500,13:33:56,14185,284,1599,39984450,0,0,0
ru2204,20220218,20220218,133356000,13:33:57,14185,284,1599,39984450,0,0,0
ru2204,20220218,20220218,133356500,13:33:57,14185,284,1599,39984450,0,0,0
ru2204,20220218,20220218,133357000,13:33:57,14185,284,1599,39984450,0,0,0
ru2204,20220218,20220218,133357500,13:33:58,14185,284,1599,39984450,0,0,0
ru2204,20220218,20220218,133358000,13:33:58,14185,284,1599,39984450,0,0,0
ru2204,20220218,20220218,133358500,13:33:59,14185,284,1599,39984450,0,0,0
ru2204,20220218,20220218,133359000,13:33:59,14185,284,1599,39984450,0,0,0
ru2204,20220218,20220218,133359500,13:33:59,14185,284,1599,39984450,0,0,0
ru2204,20220218,20220218,133400000,13:34:00,14185,284,1599,39984450,0,0,0
ru2204,20220218,20220218,133400500,13:34:01,14185,284,1599,39984450,0,0,0
ru2204,20220218,20220218,133401000,13:34:01,14185,284,1599,39984450,0,0,0
ru2204,20220218,20220218,133401500,13:34:02,14185,284,1599,39984450,0,0,0
ru2204,20220218,20220218,133402000,13:34:10,14185,284,1599,39984450,0,0,0
ru2204,20220218,20220218,133402500,13:34:10,14185,284,1599,39984450,0,0,0
ru2204,20220218,20220218,133403000,13:34:10,14185,284,1599,39984450,0,0,0
ru2204,20220218,20220218,133410000,13:34:12,14185,284,1599,39984450,0,0,0
ru2204,20220218,20220218,133410500,13:34:12,14185,284,1599,39984450,0,0,0
ru2204,20220218,20220218,133411000,13:34:12,14185,284,1599,39984450,0,0,0
ru2204,20220218,20220218,133411500,13:34:12,14185,284,1599,39984450,0,0,0
ru2204,20220218,20220218,133412000,13:34:12,14185,284,1599,39984450,0,0,0
ru2204,20220218,20220218,133412500,13:34:13,14185,284,1599,39984450,0,0,0
ru2204,20220218,20220218,133413000,13:34:13,14185,284,1599,39984450,0,0,0
ru2204,20220218,20220218,133413500,13:34:14,14185,284,1599,39984450,0,0,0
ru2204,20220218,20220218,133414000,13:34:14,14185,284,1599,39984450,0,0,0
ru2204,20220218,20220218,133414500,13:34:15,14185,284,1599,39984450,0,0,0
ru2204,20220218,20220218,133415000,13:34:15,14185,284,1599,39984450,0,0,0
ru2204,20220218,20220218,133415500,13:34:16,14185,284,1599,39984450,0,0,0
ru2204,20220218,20220218,133416000,13:34:16,14185,284,1599,39984450,0,0,0
ru2204,20220218,20220218,133416500,13:34:17,14185,284,1599,39984450,0,0,0
ru2204,20220218,20220218,133417000,13:34:17,14185,284,1599,39984450,0,0,0
ru2204,20220218,20220218,133417500,13:34:17,14185,284,1599,39984450,0,0,0
ru2204,20220218,20220218,133418000,13:34:18,14185,284,1599,39984450,0,0,0
ru2204,20220218,20220218,133418500,13:34:19,14185,284,1599,39984450,0,0,0
ru2204,20220218,20220218,133419000,13:34:19,14185,284,1599,39984450,0,0,0
ru2204,20220218,20220218,133419500,13:34:20,14185,284,1599,39984450,0,0,0
ru2204,20220218,20220218,133420000,13:34:20,14185,284,1599,39984450,0,0,0
ru2204,20220218,20220218,133420500,13:34:23,14185,284,1599,39984450,0,0,0
ru2204,20220218,20220218,133421000,13:34:23,14185,284,1599,39984450,0,0,0
ru2204,20220218,20220218,133421500,13:34:23,14185,284,1599,39984450,0,0,0
ru2204,20220218,20220218,133423000,13:34:24,14185,284,1599,39984450,0,0,0
ru2204,20220218,20220218,133423500,13:34:24,14185,284,1599,39984450,0,0,0
ru2204,20220218,20220218,133424000,13:34:24,14185,284,1599,39984450,0,0,0
ru2204,20220218,20220218,133424500,13:34:24,14185,284,1599,39984450,0,0,0
ru2204,20220218,20220218,133425000,13:34:25,14185,284,1599,39984450,0,0,0
ru2204,20220218,20220218,133425500,13:34:25,14185,284,1599,39984450,0,0,0
ru2204,20220218,20220218,133426000,13:34:26,14185,284,1599,39984450,0,0,0
ru2204,20220218,20220218,133426500,13:34:26,14185,284,1599,39984450,0,0,0
ru2204,20220218,20220218,133427000,13:34:27,14185,284,1599,39984450,0,0,0
ru2204,20220218,20220218,133427500,13:34:28,14185,284,1599,39984450,0,0,0
ru2204,20220218,20220218,133428000,13:34:28,14185,284,1599,39984450,0,0,0
ru2204,20220218,20220218,133428500,13:34:29,14185,284,1599,39984450,0,0,0
ru2204,20220218,20220218,133429000,13:34:29,14185,284,1599,39984450,0,0,0
ru2204,20220218,20220218,133429500,13:34:29,14185,284,1599,39984450,0,0,0
ru2204,20220218,20220218,133430000,13:34:30,14185,284,1599,39984450,0,0,0
ru2204,20220218,20220218,133430500,13:34:30,14185,284,1599,39984450,0,0,0
ru2204,20220218,20220218,133431000,13:34:31,14185,284,1599,39984450,0,0,0
ru2204,20220218,20220218,133431500,13:34:31,14185,284,1599,39984450,0,0,0
ru2204,20220218,20220218,133432000,13:34:32,14185,284,1599,39984450,0,0,0
ru2204,20220218,20220218,133432500,13:34:32,14185,284,1599,39984450,0,0,0
ru2204,20220218,20220218,133433000,13:34:33,14185,284,1599,39984450,0,0,0
ru2204,20220218,20220218,133433500,13:34:34,14185,284,1599,39984450,0,0,0
ru2204,20220218,20220218,133434000,13:34:34,14185,284,1599,39984450,0,0,0
ru2204,20220218,20220218,133434500,13:34:35,14185,284,1599,39984450,0,0,0
ru2204,20220218,20220218,133435000,13:34:35,14185,284,1599,39984450,0,0,0
ru2204,20220218,20220218,133435500,13:34:36,14185,284,1599,39984450,0,0,0
ru2204,20220218,20220218,133436000,13:34:36,14185,284,1599,39984450,0,0,0
ru2204,20220218,20220218,133436500,13:34:36,14185,284,1599,39984450,0,0,0
ru2204,20220218,20220218,133437000,13:34:37,14185,284,1599,39984450,0,0,0
ru2204,20220218,20220218,133437500,13:34:38,14185,284,1599,39984450,0,0,0
ru2204,20220218,20220218,133438000,13:34:38,14185,284,1599,39984450,0,0,0
ru2204,20220218,20220218,133438500,13:34:38,14185,284,1599,39984450,0,0,0
ru2204,20220218,20220218,133439000,13:34:39,14185,284,1599,39984450,0,0,0
ru2204,20220218,20220218,133439500,13:34:39,14185,284,1599,39984450,0,0,0
ru2204,20220218,20220218,133440000,13:34:40,14185,284,1599,39984450,0,0,0
ru2204,20220218,20220218,133440500,13:34:41,14185,284,1599,39984450,0,0,0
ru2204,20220218,20220218,133441000,13:34:41,14185,284,1599,39984450,0,0,0
ru2204,20220218,20220218,133441500,13:34:42,14185,284,1599,39984450,0,0,0
ru2204,20220218,20220218,133442000,13:34:44,14185,284,1599,39984450,0,0,0
ru2204,20220218,20220218,133442500,13:34:44,14185,284,1599,39984450,0,0,0
ru2204,20220218,20220218,133443500,13:34:45,14185,284,1599,39984450,0,0,0
ru2204,20220218,20220218,133444000,13:34:45,14185,284,1599,39984450,0,0,0
ru2204,20220218,20220218,133444500,13:34:46,14185,284,1599,39984450,0,0,0
ru2204,20220218,20220218,133445000,13:34:46,14185,284,1599,39984450,0,0,0
ru2204,20220218,20220218,133445500,13:34:46,14185,284,1599,39984450,0,0,0
ru2204,20220218,20220218,133446000,13:34:46,14185,284,1599,39984450,0,0,0
ru2204,20220218,20220218,133446500,13:34:47,14185,284,1599,39984450,0,0,0
ru2204,20220218,20220218,133447000,13:34:47,14185,284,1599,39984450,0,0,0
ru2204,20220218,20220218,133447500,13:34:47,14185,284,1599,39984450,0,0,0
ru2204,20220218,20220218,133448000,13:34:48,14185,284,1599,39984450,0,0,0
ru2204,20220218,20220218,133448500,13:34:49,14185,284,1599,39984450,0,0,0
ru2204,20220218,20220218,133449000,13:34:49,14185,284,1599,39984450,0,0,0
ru2204,20220218,20220218,133449500,13:34:49,14185,284,1599,39984450,0,0,0
ru2204,20220218,20220218,133450000,13:34:51,14185,284,1599,39984450,0,0,0
ru2204,20220218,20220218,133450500,13:34:51,14185,284,1599,39984450,0,0,0
ru2204,20220218,20220218,133451000,13:34:51,14185,284,1599,39984450,0,0,0
ru2204,20220218,20220218,133451500,13:34:52,14185,284,1599,39984450,0,0,0
ru2204,20220218,20220218,133452000,13:34:52,14185,284,1599,39984450,0,0,0
ru2204,20220218,20220218,133452500,13:34:53,14185,284,1599,39984450,0,0,0
ru2204,20220218,20220218,133453000,13:34:53,14185,284,1599,39984450,0,0,0
ru2204,20220218,20220218,133453500,13:34:55,14185,284,1599,39984450,0,0,0
ru2204,20220218,20220218,133454000,13:34:56,14185,284,1599,39984450,0,0,0
ru2204,20220218,20220218,133454500,13:34:56,14185,284,1599,39984450,0,0,0
ru2204,20220218,20220218,133455000,13:34:56,14185,284,1599,39984450,0,0,0
ru2204,20220218,20220218,133455500,13:34:56,14185,284,1599,39984450,0,0,0
ru2204,20220218,20220218,133456000,13:34:57,14185,284,1599,39984450,0,0,0
ru2204,20220218,20220218,133456500,13:34:57,14185,284,1599,39984450,0,0,0
ru2204,20220218,20220218,133457000,13:34:57,14185,284,1599,39984450,0,0,0
ru2204,20220218,20220218,133457500,13:34:58,14185,284,1599,39984450,0,0,0
ru2204,20220218,20220218,133458000,13:34:58,14185,284,1599,39984450,0,0,0
ru2204,20220218,20220218,133458500,13:34:59,14185,284,1599,39984450,0,0,0
ru2204,20220218,20220218,133459000,13:34:59,14185,284,1599,39984450,0,0,0
ru2204,20220218,20220218,133459500,13:35:00,14185,284,1599,39984450,0,0,0
ru2204,20220218,20220218,133500000,13:35:00,14185,284,1599,39984450,0,0,0
ru2204,20220218,20220218,133500500,13:35:00,14185,284,1599,39984450,0,0,0
ru2204,20220218,20220218,133501000,13:35:04,14185,284,1599,39984450,0,0,0
ru2204,20220218,20220218,133501500,13:35:05,14185,284,1599,39984450,0,0,0
ru2204,20220218,20220218,133502000,13:35:10,14185,284,1599,39984450,0,0,0
ru2204,20220218,20220218,133504500,13:35:10,14185,284,1599,39984450,0,0,0
ru2204,20220218,20220218,133505000,13:35:10,14185,284,1599,39984450,0,0,0
ru2204,20220218,20220218,133510000,13:35:11,14185,284,1599,39984450,0,0,0
ru2204,20220218,20220218,133510500,13:35:11,14185,284,1599,39984450,0,0,0
ru2204,20220218,20220218,133511000,13:35:11,14185,284,1599,39984450,0,0,0
ru2204,20220218,20220218,133511500,13:35:12,14185,284,1599,39984450,0,0,0
ru2204,20220218,20220218,133512000,13:35:13,14185,284,1599,39984450,0,0,0
ru2204,20220218,20220218,133512500,13:35:13,14185,284,1599,39984450,0,0,0
ru2204,20220218,20220218,133513000,13:35:13,14185,284,1599,39984450,0,0,0
ru2204,20220218,20220218,133513500,13:35:14,14185,284,1599,39984450,0,0,0
ru2204,20220218,20220218,133514000,13:35:14,14185,284,1599,39984450,0,0,0
ru2204,20220218,20220218,133514500,13:35:15,14185,284,1599,39984450,0,0,0
ru2204,20220218,20220218,133515000,13:35:15,14185,284,1599,39984450,0,0,0
ru2204,20220218,20220218,133515500,13:35:16,14185,284,1599,39984450,0,0,0
ru2204,20220218,20220218,133516000,13:35:16,14185,284,1599,39984450,0,0,0
ru2204,20220218,20220218,133516500,13:35:16,14185,284,1599,39984450,0,0,0
ru2204,20220218,20220218,133517000,13:35:17,14185,284,1599,39984450,0,0,0
ru2204,20220218,20220218,133517500,13:35:18,14185,284,1599,39984450,0,0,0
ru2204,20220218,20220218,133518000,13:35:19,14185,284,1599,39984450,0,0,0
ru2204,20220218,20220218,133518500,13:35:19,14185,284,1599,39984450,0,0,0
ru2204,20220218,20220218,133519000,13:35:19,14185,284,1599,39984450,0,0,0
ru2204,20220218,20220218,133519500,13:35:20,14185,284,1599,39984450,0,0,0
ru2204,20220218,20220218,133520000,13:35:20,14185,284,1599,39984450,0,0,0
ru2204,20220218,20220218,133520500,13:35:21,14185,284,1599,39984450,0,0,0
ru2204,20220218,20220218,133521000,13:35:21,14185,284,1599,39984450,0,0,0
ru2204,20220218,20220218,133521500,13:35:22,14185,284,1599,39984450,0,0,0
ru2204,20220218,20220218,133522000,13:35:22,14185,284,1599,39984450,0,0,0
ru2204,20220218,20220218,133522500,13:35:23,14185,284,1599,39984450,0,0,0
ru2204,20220218,20220218,133523000,13:35:23,14185,284,1599,39984450,0,0,0
ru2204,20220218,20220218,133523500,13:35:23,14185,285,1599,40126300,1,0,141850
ru2204,20220218,20220218,133524000,13:35:25,14185,285,1599,40126300,0,0,0
ru2204,20220218,20220218,133524500,13:35:25,14185,285,1599,40126300,0,0,0
ru2204,20220218,20220218,133525000,13:35:25,14185,285,1599,40126300,0,0,0
ru2204,20220218,20220218,133525500,13:35:26,14185,285,1599,40126300,0,0,0
ru2204,20220218,20220218,133526000,13:35:26,14185,285,1599,40126300,0,0,0
ru2204,20220218,20220218,133526500,13:35:27,14185,285,1599,40126300,0,0,0
ru2204,20220218,20220218,133527000,13:35:27,14185,285,1599,40126300,0,0,0
ru2204,20220218,20220218,133527500,13:35:31,14185,285,1599,40126300,0,0,0
ru2204,20220218,20220218,133528000,13:35:31,14185,285,1599,40126300,0,0,0
ru2204,20220218,20220218,133531000,13:35:33,14185,285,1599,40126300,0,0,0
ru2204,20220218,20220218,133531500,13:35:41,14185,285,1599,40126300,0,0,0
ru2204,20220218,20220218,133532000,13:35:42,14185,285,1599,40126300,0,0,0
ru2204,20220218,20220218,133540500,13:35:43,14185,285,1599,40126300,0,0,0
ru2204,20220218,20220218,133541000,13:35:43,14185,285,1599,40126300,0,0,0
ru2204,20220218,20220218,133542000,13:35:44,14185,285,1599,40126300,0,0,0
ru2204,20220218,20220218,133542500,13:35:44,14185,285,1599,40126300,0,0,0
ru2204,20220218,20220218,133543500,13:35:44,14185,285,1599,40126300,0,0,0
ru2204,20220218,20220218,133544000,13:35:44,14185,285,1599,40126300,0,0,0
ru2204,20220218,20220218,133544500,13:35:45,14185,285,1599,40126300,0,0,0
ru2204,20220218,20220218,133545000,13:35:46,14185,285,1599,40126300,0,0,0
ru2204,20220218,20220218,133545500,13:35:46,14185,285,1599,40126300,0,0,0
ru2204,20220218,20220218,133546000,13:35:46,14185,285,1599,40126300,0,0,0
ru2204,20220218,20220218,133546500,13:35:46,14185,285,1599,40126300,0,0,0
ru2204,20220218,20220218,133547000,13:35:47,14185,285,1599,40126300,0,0,0
ru2204,20220218,20220218,133547500,13:35:48,14185,285,1599,40126300,0,0,0
ru2204,20220218,20220218,133548000,13:35:48,14185,285,1599,40126300,0,0,0
ru2204,20220218,20220218,133548500,13:35:48,14185,285,1599,40126300,0,0,0
ru2204,20220218,20220218,133549000,13:35:49,14185,285,1599,40126300,0,0,0
ru2204,20220218,20220218,133549500,13:35:49,14185,285,1599,40126300,0,0,0
ru2204,20220218,20220218,133550000,13:35:50,14185,285,1599,40126300,0,0,0
ru2204,20220218,20220218,133550500,13:35:50,14185,285,1599,40126300,0,0,0
ru2204,20220218,20220218,133551000,13:35:51,14185,285,1599,40126300,0,0,0
ru2204,20220218,20220218,133551500,13:35:51,14185,285,1599,40126300,0,0,0
ru2204,20220218,20220218,133552000,13:35:52,14185,285,1599,40126300,0,0,0
ru2204,20220218,20220218,133552500,13:35:53,14185,285,1599,40126300,0,0,0
ru2204,20220218,20220218,133553000,13:35:53,14185,285,1599,40126300,0,0,0
ru2204,20220218,20220218,133553500,13:35:55,14185,285,1599,40126300,0,0,0
ru2204,20220218,20220218,133554000,13:35:55,14185,285,1599,40126300,0,0,0
ru2204,20220218,20220218,133554500,13:35:55,14185,285,1599,40126300,0,0,0
ru2204,20220218,20220218,133555000,13:35:56,14185,285,1599,40126300,0,0,0
ru2204,20220218,20220218,133555500,13:35:56,14185,285,1599,40126300,0,0,0
ru2204,20220218,20220218,133556000,13:35:56,14185,285,1599,40126300,0,0,0
ru2204,20220218,20220218,133556500,13:35:57,14185,285,1599,40126300,0,0,0
ru2204,20220218,20220218,133557000,13:35:59,14185,285,1599,40126300,0,0,0
ru2204,20220218,20220218,133557500,13:36:01,14185,285,1599,40126300,0,0,0
ru2204,20220218,20220218,133558000,13:36:01,14185,285,1599,40126300,0,0,0
ru2204,20220218,20220218,133559500,13:36:03,14185,285,1599,40126300,0,0,0
ru2204,20220218,20220218,133601500,13:36:03,14185,285,1599,40126300,0,0,0
ru2204,20220218,20220218,133602500,13:36:04,14185,285,1599,40126300,0,0,0
ru2204,20220218,20220218,133603000,13:36:05,14185,285,1599,40126300,0,0,0
ru2204,20220218,20220218,133603500,13:36:05,14185,285,1599,40126300,0,0,0
ru2204,20220218,20220218,133605000,13:36:06,14185,285,1599,40126300,0,0,0
ru2204,20220218,20220218,133605500,13:36:07,14185,285,1599,40126300,0,0,0
ru2204,20220218,20220218,133606000,13:36:07,14185,285,1599,40126300,0,0,0
ru2204,20220218,20220218,133606500,13:36:07,14185,285,1599,40126300,0,0,0
ru2204,20220218,20220218,133607000,13:36:08,14185,285,1599,40126300,0,0,0
ru2204,20220218,20220218,133607500,13:36:08,14185,285,1599,40126300,0,0,0
ru2204,20220218,20220218,133608000,13:36:08,14185,285,1599,40126300,0,0,0
ru2204,20220218,20220218,133608500,13:36:08,14185,285,1599,40126300,0,0,0
ru2204,20220218,20220218,133609000,13:36:09,14185,285,1599,40126300,0,0,0
ru2204,20220218,20220218,133609500,13:36:10,14185,285,1599,40126300,0,0,0
ru2204,20220218,20220218,133610000,13:36:11,14185,285,1599,40126300,0,0,0
ru2204,20220218,20220218,133610500,13:36:11,14185,285,1599,40126300,0,0,0
ru2204,20220218,20220218,133611000,13:36:12,14185,285,1599,40126300,0,0,0
ru2204,20220218,20220218,133611500,13:36:12,14185,285,1599,40126300,0,0,0
ru2204,20220218,20220218,133612000,13:36:12,14185,285,1599,40126300,0,0,0
ru2204,20220218,20220218,133612500,13:36:12,14185,285,1599,40126300,0,0,0
ru2204,20220218,20220218,133613000,13:36:13,14185,285,1599,40126300,0,0,0
ru2204,20220218,20220218,133613500,13:36:14,14185,285,1599,40126300,0,0,0
ru2204,20220218,20220218,133614000,13:36:14,14185,285,1599,40126300,0,0,0
ru2204,20220218,20220218,133614500,13:36:14,14185,285,1599,40126300,0,0,0
ru2204,20220218,20220218,133615000,13:36:15,14185,285,1599,40126300,0,0,0
ru2204,20220218,20220218,133615500,13:36:15,14185,285,1599,40126300,0,0,0
ru2204,20220218,20220218,133616000,13:36:16,14185,285,1599,40126300,0,0,0
ru2204,20220218,20220218,133616500,13:36:17,14185,285,1599,40126300,0,0,0
ru2204,20220218,20220218,133617000,13:36:19,14185,285,1599,40126300,0,0,0
ru2204,20220218,20220218,133617500,13:36:19,14185,285,1599,40126300,0,0,0
ru2204,20220218,20220218,133618000,13:36:19,14185,285,1599,40126300,0,0,0
ru2204,20220218,20220218,133618500,13:36:19,14185,285,1599,40126300,0,0,0
ru2204,20220218,20220218,133619000,13:36:19,14185,285,1599,40126300,0,0,0
ru2204,20220218,20220218,133619500,13:36:19,14185,285,1599,40126300,0,0,0
ru2204,20220218,20220218,133620000,13:36:20,14185,285,1599,40126300,0,0,0
ru2204,20220218,20220218,133620500,13:36:20,14185,285,1599,40126300,0,0,0
ru2204,20220218,20220218,133621000,13:36:21,14185,285,1599,40126300,0,0,0
ru2204,20220218,20220218,133621500,13:36:21,14185,285,1599,40126300,0,0,0
ru2204,20220218,20220218,133622000,13:36:22,14185,285,1599,40126300,0,0,0
ru2204,20220218,20220218,133622500,13:36:22,14185,285,1599,40126300,0,0,0
ru2204,20220218,20220218,133623000,13:36:23,14185,285,1599,40126300,0,0,0
ru2204,20220218,20220218,133623500,13:36:23,14185,285,1599,40126300,0,0,0
ru2204,20220218,20220218,133624000,13:36:24,14185,285,1599,40126300,0,0,0
ru2204,20220218,20220218,133624500,13:36:24,14185,285,1599,40126300,0,0,0
ru2204,20220218,20220218,133625000,13:36:25,14185,285,1599,40126300,0,0,0
ru2204,20220218,20220218,133625500,13:36:26,14185,285,1599,40126300,0,0,0
ru2204,20220218,20220218,133626000,13:36:26,14185,285,1599,40126300,0,0,0
ru2204,20220218,20220218,133626500,13:36:27,14185,285,1599,40126300,0,0,0
ru2204,20220218,20220218,133627000,13:36:28,14185,285,1599,40126300,0,0,0
ru2204,20220218,20220218,133627500,13:36:28,14185,285,1599,40126300,0,0,0
ru2204,20220218,20220218,133628000,13:36:28,14185,285,1599,40126300,0,0,0
ru2204,20220218,20220218,133628500,13:36:29,14185,285,1599,40126300,0,0,0
ru2204,20220218,20220218,133629000,13:36:29,14185,285,1599,40126300,0,0,0
ru2204,20220218,20220218,133629500,13:36:30,14185,285,1599,40126300,0,0,0
ru2204,20220218,20220218,133630000,13:36:30,14185,285,1599,40126300,0,0,0
ru2204,20220218,20220218,133630500,13:36:31,14185,285,1599,40126300,0,0,0
ru2204,20220218,20220218,133631000,13:36:31,14185,285,1599,40126300,0,0,0
ru2204,20220218,20220218,133631500,13:36:31,14185,285,1599,40126300,0,0,0
ru2204,20220218,20220218,133632000,13:36:32,14185,285,1599,40126300,0,0,0
ru2204,20220218,20220218,133632500,13:36:32,14185,285,1599,40126300,0,0,0
ru2204,20220218,20220218,133633000,13:36:33,14185,285,1599,40126300,0,0,0
ru2204,20220218,20220218,133633500,13:36:33,14185,285,1599,40126300,0,0,0
ru2204,20220218,20220218,133634000,13:36:34,14185,285,1599,40126300,0,0,0
ru2204,20220218,20220218,133634500,13:36:35,14185,285,1599,40126300,0,0,0
ru2204,20220218,20220218,133635000,13:36:35,14185,285,1599,40126300,0,0,0
ru2204,20220218,20220218,133635500,13:36:36,14185,285,1599,40126300,0,0,0
ru2204,20220218,20220218,133636000,13:36:36,14185,285,1599,40126300,0,0,0
ru2204,20220218,20220218,133636500,13:36:36,14185,285,1599,40126300,0,0,0
ru2204,20220218,20220218,133637000,13:36:38,14185,285,1599,40126300,0,0,0
ru2204,20220218,20220218,133637500,13:36:38,14185,285,1599,40126300,0,0,0
ru2204,20220218,20220218,133638000,13:36:38,14185,285,1599,40126300,0,0,0
ru2204,20220218,20220218,133638500,13:36:39,14185,285,1599,40126300,0,0,0
ru2204,20220218,20220218,133639000,13:36:39,14185,285,1599,40126300,0,0,0
ru2204,20220218,20220218,133639500,13:36:39,14185,285,1599,40126300,0,0,0
ru2204,20220218,20220218,133640000,13:36:40,14185,285,1599,40126300,0,0,0
ru2204,20220218,20220218,133640500,13:36:40,14185,285,1599,40126300,0,0,0
ru2204,20220218,20220218,133641000,13:36:41,14185,285,1599,40126300,0,0,0
ru2204,20220218,20220218,133641500,13:36:42,14185,285,1599,40126300,0,0,0
ru2204,20220218,20220218,133642000,13:36:42,14185,285,1599,40126300,0,0,0
ru2204,20220218,20220218,133642500,13:36:43,14185,285,1599,40126300,0,0,0
ru2204,20220218,20220218,133643000,13:36:43,14185,285,1599,40126300,0,0,0
ru2204,20220218,20220218,133643500,13:36:44,14185,285,1599,40126300,0,0,0
ru2204,20220218,20220218,133644000,13:36:44,14185,285,1599,40126300,0,0,0
ru2204,20220218,20220218,133644500,13:36:44,14185,285,1599,40126300,0,0,0
ru2204,20220218,20220218,133645000,13:36:45,14185,285,1599,40126300,0,0,0
ru2204,20220218,20220218,133645500,13:36:46,14185,285,1599,40126300,0,0,0
ru2204,20220218,20220218,133646000,13:36:46,14185,285,1599,40126300,0,0,0
ru2204,20220218,20220218,133646500,13:36:46,14185,285,1599,40126300,0,0,0
ru2204,20220218,20220218,133647000,13:36:47,14185,285,1599,40126300,0,0,0
ru2204,20220218,20220218,133647500,13:36:48,14185,285,1599,40126300,0,0,0
ru2204,20220218,20220218,133648000,13:36:48,14185,285,1599,40126300,0,0,0
ru2204,20220218,20220218,133648500,13:36:48,14185,285,1599,40126300,0,0,0
ru2204,20220218,20220218,133649000,13:36:49,14185,285,1599,40126300,0,0,0
ru2204,20220218,20220218,133649500,13:36:49,14185,285,1599,40126300,0,0,0
ru2204,20220218,20220218,133650000,13:36:50,14185,285,1599,40126300,0,0,0
ru2204,20220218,20220218,133650500,13:36:50,14185,285,1599,40126300,0,0,0
ru2204,20220218,20220218,133651000,13:36:51,14185,285,1599,40126300,0,0,0
ru2204,20220218,20220218,133651500,13:36:52,14185,285,1599,40126300,0,0,0
ru2204,20220218,20220218,133652000,13:36:52,14185,285,1599,40126300,0,0,0
ru2204,20220218,20220218,133652500,13:36:53,14185,285,1599,40126300,0,0,0
ru2204,20220218,20220218,133653000,13:36:53,14185,285,1599,40126300,0,0,0
ru2204,20220218,20220218,133653500,13:36:54,14185,285,1599,40126300,0,0,0
ru2204,20220218,20220218,133654000,13:36:54,14185,285,1599,40126300,0,0,0
ru2204,20220218,20220218,133654500,13:36:54,14185,285,1599,40126300,0,0,0
ru2204,20220218,20220218,133655000,13:36:55,14185,285,1599,40126300,0,0,0
ru2204,20220218,20220218,133655500,13:36:56,14185,285,1599,40126300,0,0,0
ru2204,20220218,20220218,133656000,13:36:56,14185,285,1599,40126300,0,0,0
ru2204,20220218,20220218,133656500,13:36:57,14185,285,1599,40126300,0,0,0
ru2204,20220218,20220218,133657000,13:36:58,14185,285,1599,40126300,0,0,0
ru2204,20220218,20220218,133657500,13:36:58,14185,285,1599,40126300,0,0,0
ru2204,20220218,20220218,133658000,13:36:58,14185,285,1599,40126300,0,0,0
ru2204,20220218,20220218,133658500,13:36:59,14185,285,1599,40126300,0,0,0
ru2204,20220218,20220218,133659000,13:36:59,14185,285,1599,40126300,0,0,0
ru2204,20220218,20220218,133659500,13:36:59,14185,285,1599,40126300,0,0,0
ru2204,20220218,20220218,133700000,13:37:00,14185,285,1599,40126300,0,0,0
ru2204,20220218,20220218,133700500,13:37:00,14185,285,1599,40126300,0,0,0
ru2204,20220218,20220218,133701000,13:37:01,14185,285,1599,40126300,0,0,0
ru2204,20220218,20220218,133701500,13:37:02,14185,285,1599,40126300,0,0,0
ru2204,20220218,20220218,133702000,13:37:02,14185,285,1599,40126300,0,0,0
ru2204,20220218,20220218,133702500,13:37:03,14185,285,1599,40126300,0,0,0
ru2204,20220218,20220218,133703000,13:37:03,14185,285,1599,40126300,0,0,0
ru2204,20220218,20220218,133703500,13:37:03,14185,285,1599,40126300,0,0,0
ru2204,20220218,20220218,133704000,13:37:04,14185,285,1599,40126300,0,0,0
ru2204,20220218,20220218,133704500,13:37:05,14185,285,1599,40126300,0,0,0
ru2204,20220218,20220218,133705000,13:37:05,14185,285,1599,40126300,0,0,0
ru2204,20220218,20220218,133705500,13:37:07,14185,285,1599,40126300,0,0,0
ru2204,20220218,20220218,133706000,13:37:08,14185,285,1599,40126300,0,0,0
ru2204,20220218,20220218,133706500,13:37:08,14185,285,1599,40126300,0,0,0
ru2204,20220218,20220218,133707000,13:37:08,14185,285,1599,40126300,0,0,0
ru2204,20220218,20220218,133707500,13:37:08,14185,285,1599,40126300,0,0,0
ru2204,20220218,20220218,133708000,13:37:08,14185,285,1599,40126300,0,0,0
ru2204,20220218,20220218,133708500,13:37:08,14185,285,1599,40126300,0,0,0
ru2204,20220218,20220218,133709000,13:37:09,14185,285,1599,40126300,0,0,0
ru2204,20220218,20220218,133709500,13:37:10,14185,285,1599,40126300,0,0,0
ru2204,20220218,20220218,133710000,13:37:11,14185,285,1599,40126300,0,0,0
ru2204,20220218,20220218,133710500,13:37:11,14185,285,1599,40126300,0,0,0
ru2204,20220218,20220218,133711000,13:37:11,14185,285,1599,40126300,0,0,0
ru2204,20220218,20220218,133711500,13:37:13,14185,285,1599,40126300,0,0,0
ru2204,20220218,20220218,133712000,13:37:13,14185,285,1599,40126300,0,0,0
ru2204,20220218,20220218,133712500,13:37:13,14185,285,1599,40126300,0,0,0
ru2204,20220218,20220218,133713000,13:37:14,14185,285,1599,40126300,0,0,0
ru2204,20220218,20220218,133713500,13:37:14,14185,285,1599,40126300,0,0,0
ru2204,20220218,20220218,133714000,13:37:14,14185,285,1599,40126300,0,0,0
ru2204,20220218,20220218,133714500,13:37:15,14185,285,1599,40126300,0,0,0
ru2204,20220218,20220218,133715000,13:37:15,14185,285,1599,40126300,0,0,0
ru2204,20220218,20220218,133715500,13:37:16,14185,285,1599,40126300,0,0,0
ru2204,20220218,20220218,133716000,13:37:16,14185,285,1599,40126300,0,0,0
ru2204,20220218,20220218,133716500,13:37:17,14185,285,1599,40126300,0,0,0
ru2204,20220218,20220218,133717000,13:37:18,14185,285,1599,40126300,0,0,0
ru2204,20220218,20220218,133717500,13:37:18,14185,285,1599,40126300,0,0,0
ru2204,20220218,20220218,133718000,13:37:18,14185,285,1599,40126300,0,0,0
ru2204,20220218,20220218,133718500,13:37:19,14185,285,1599,40126300,0,0,0
ru2204,20220218,20220218,133719000,13:37:19,14185,285,1599,40126300,0,0,0
ru2204,20220218,20220218,133719500,13:37:20,14185,285,1599,40126300,0,0,0
ru2204,20220218,20220218,133720000,13:37:21,14185,285,1599,40126300,0,0,0
ru2204,20220218,20220218,133720500,13:37:21,14185,285,1599,40126300,0,0,0
ru2204,20220218,20220218,133721000,13:37:21,14185,285,1599,40126300,0,0,0
ru2204,20220218,20220218,133721500,13:37:22,14185,285,1599,40126300,0,0,0
ru2204,20220218,20220218,133722000,13:37:22,14185,285,1599,40126300,0,0,0
ru2204,20220218,20220218,133722500,13:37:22,14185,285,1599,40126300,0,0,0
ru2204,20220218,20220218,133723000,13:37:23,14185,285,1599,40126300,0,0,0
ru2204,20220218,20220218,133723500,13:37:23,14185,285,1599,40126300,0,0,0
ru2204,20220218,20220218,133724000,13:37:24,14185,285,1599,40126300,0,0,0
ru2204,20220218,20220218,133724500,13:37:25,14185,285,1599,40126300,0,0,0
ru2204,20220218,20220218,133725000,13:37:25,14185,285,1599,40126300,0,0,0
ru2204,20220218,20220218,133725500,13:37:26,14185,285,1599,40126300,0,0,0
ru2204,20220218,20220218,133726000,13:37:26,14185,285,1599,40126300,0,0,0
ru2204,20220218,20220218,133726500,13:37:27,14185,285,1599,40126300,0,0,0
ru2204,20220218,20220218,133727000,13:37:27,14185,285,1599,40126300,0,0,0
ru2204,20220218,20220218,133727500,13:37:27,14185,285,1599,40126300,0,0,0
ru2204,20220218,20220218,133728000,13:37:28,14185,285,1599,40126300,0,0,0
ru2204,20220218,20220218,133728500,13:37:28,14185,285,1599,40126300,0,0,0
ru2204,20220218,20220218,133729000,13:37:29,14185,285,1599,40126300,0,0,0
ru2204,20220218,20220218,133729500,13:37:30,14185,285,1599,40126300,0,0,0
ru2204,20220218,20220218,133730000,13:37:30,14185,285,1599,40126300,0,0,0
ru2204,20220218,20220218,133730500,13:37:31,14185,285,1599,40126300,0,0,0
ru2204,20220218,20220218,133731000,13:37:31,14185,285,1599,40126300,0,0,0
ru2204,20220218,20220218,133731500,13:37:31,14185,285,1599,40126300,0,0,0
ru2204,20220218,20220218,133732000,13:37:32,14185,285,1599,40126300,0,0,0
ru2204,20220218,20220218,133732500,13:37:33,14185,285,1599,40126300,0,0,0
ru2204,20220218,20220218,133733000,13:37:33,14185,285,1599,40126300,0,0,0
ru2204,20220218,20220218,133733500,13:37:33,14185,285,1599,40126300,0,0,0
ru2204,20220218,20220218,133734000,13:37:34,14185,285,1599,40126300,0,0,0
ru2204,20220218,20220218,133734500,13:37:34,14185,285,1599,40126300,0,0,0
ru2204,20220218,20220218,133735000,13:37:35,14185,285,1599,40126300,0,0,0
ru2204,20220218,20220218,133735500,13:37:36,14185,285,1599,40126300,0,0,0
ru2204,20220218,20220218,133736000,13:37:36,14185,285,1599,40126300,0,0,0
ru2204,20220218,20220218,133736500,13:37:37,14185,285,1599,40126300,0,0,0
ru2204,20220218,20220218,133737000,13:37:37,14185,285,1599,40126300,0,0,0
ru2204,20220218,20220218,133737500,13:37:37,14185,285,1599,40126300,0,0,0
ru2204,20220218,20220218,133738000,13:37:38,14185,285,1599,40126300,0,0,0
ru2204,20220218,20220218,133738500,13:37:39,14185,285,1599,40126300,0,0,0
ru2204,20220218,20220218,133739000,13:37:39,14185,285,1599,40126300,0,0,0
ru2204,20220218,20220218,133739500,13:37:39,14185,285,1599,40126300,0,0,0
ru2204,20220218,20220218,133740000,13:37:40,14185,285,1599,40126300,0,0,0
ru2204,20220218,20220218,133740500,13:37:40,14185,285,1599,40126300,0,0,0
ru2204,20220218,20220218,133741000,13:37:41,14185,285,1599,40126300,0,0,0
ru2204,20220218,20220218,133741500,13:37:41,14185,285,1599,40126300,0,0,0
ru2204,20220218,20220218,133742000,13:37:42,14185,285,1599,40126300,0,0,0
ru2204,20220218,20220218,133742500,13:37:43,14185,285,1599,40126300,0,0,0
ru2204,20220218,20220218,133743000,13:37:44,14185,285,1599,40126300,0,0,0
ru2204,20220218,20220218,133743500,13:37:44,14185,285,1599,40126300,0,0,0
ru2204,20220218,20220218,133744000,13:37:45,14185,285,1599,40126300,0,0,0
ru2204,20220218,20220218,133744500,13:37:45,14185,285,1599,40126300,0,0,0
ru2204,20220218,20220218,133745000,13:37:45,14185,285,1599,40126300,0,0,0
ru2204,20220218,20220218,133745500,13:37:45,14185,285,1599,40126300,0,0,0
ru2204,20220218,20220218,133746000,13:37:46,14185,285,1599,40126300,0,0,0
ru2204,20220218,20220218,133746500,13:37:47,14185,285,1599,40126300,0,0,0
ru2204,20220218,20220218,133747000,13:37:47,14185,285,1599,40126300,0,0,0
ru2204,20220218,20220218,133747500,13:37:48,14185,285,1599,40126300,0,0,0
ru2204,20220218,20220218,133748000,13:37:48,14185,285,1599,40126300,0,0,0
ru2204,20220218,20220218,133748500,13:37:48,14185,285,1599,40126300,0,0,0
ru2204,20220218,20220218,133749000,13:37:49,14185,285,1599,40126300,0,0,0
ru2204,20220218,20220218,133749500,13:37:49,14185,285,1599,40126300,0,0,0
ru2204,20220218,20220218,133750000,13:37:50,14185,285,1599,40126300,0,0,0
ru2204,20220218,20220218,133750500,13:37:51,14185,285,1599,40126300,0,0,0
ru2204,20220218,20220218,133751000,13:37:51,14185,285,1599,40126300,0,0,0
ru2204,20220218,20220218,133751500,13:37:52,14185,285,1599,40126300,0,0,0
ru2204,20220218,20220218,133752000,13:37:53,14185,285,1599,40126300,0,0,0
ru2204,20220218,20220218,133752500,13:37:54,14185,285,1599,40126300,0,0,0
ru2204,20220218,20220218,133753000,13:37:54,14185,285,1599,40126300,0,0,0
ru2204,20220218,20220218,133753500,13:37:55,14185,285,1599,40126300,0,0,0
ru2204,20220218,20220218,133754000,13:37:55,14185,285,1599,40126300,0,0,0
ru2204,20220218,20220218,133754500,13:37:55,14185,285,1599,40126300,0,0,0
ru2204,20220218,20220218,133755000,13:37:55,14185,285,1599,40126300,0,0,0
ru2204,20220218,20220218,133755500,13:37:55,14185,285,1599,40126300,0,0,0
ru2204,20220218,20220218,133756000,13:37:56,14185,285,1599,40126300,0,0,0
ru2204,20220218,20220218,133756500,13:37:57,14185,285,1599,40126300,0,0,0
ru2204,20220218,20220218,133757000,13:37:57,14185,285,1599,40126300,0,0,0
ru2204,20220218,20220218,133757500,13:37:58,14185,285,1599,40126300,0,0,0
ru2204,20220218,20220218,133758000,13:37:58,14185,285,1599,40126300,0,0,0
ru2204,20220218,20220218,133758500,13:37:59,14185,285,1599,40126300,0,0,0
ru2204,20220218,20220218,133759000,13:38:00,14185,285,1599,40126300,0,0,0
ru2204,20220218,20220218,133759500,13:38:00,14185,285,1599,40126300,0,0,0
ru2204,20220218,20220218,133800000,13:38:02,14185,285,1599,40126300,0,0,0
ru2204,20220218,20220218,133800500,13:38:02,14185,285,1599,40126300,0,0,0
ru2204,20220218,20220218,133801000,13:38:03,14185,285,1599,40126300,0,0,0
ru2204,20220218,20220218,133802000,13:38:04,14185,285,1599,40126300,0,0,0
ru2204,20220218,20220218,133802500,13:38:05,14185,285,1599,40126300,0,0,0
ru2204,20220218,20220218,133803000,13:38:06,14185,285,1599,40126300,0,0,0
ru2204,20220218,20220218,133805000,13:38:07,14185,285,1599,40126300,0,0,0
ru2204,20220218,20220218,133806000,13:38:09,14185,285,1599,40126300,0,0,0
ru2204,20220218,20220218,133806500,13:38:09,14185,285,1599,40126300,0,0,0
ru2204,20220218,20220218,133807000,13:38:09,14185,285,1599,40126300,0,0,0
ru2204,20220218,20220218,133809000,13:38:09,14185,285,1599,40126300,0,0,0
ru2204,20220218,20220218,133809500,13:38:10,14185,285,1599,40126300,0,0,0
ru2204,20220218,20220218,133810000,13:38:10,14185,285,1599,40126300,0,0,0
ru2204,20220218,20220218,133810500,13:38:10,14185,285,1599,40126300,0,0,0
ru2204,20220218,20220218,133811000,13:38:11,14185,285,1599,40126300,0,0,0
ru2204,20220218,20220218,133811500,13:38:14,14185,285,1599,40126300,0,0,0
ru2204,20220218,20220218,133812000,13:38:14,14185,285,1599,40126300,0,0,0
ru2204,20220218,20220218,133812500,13:38:14,14185,285,1599,40126300,0,0,0
ru2204,20220218,20220218,133813500,13:38:15,14185,285,1599,40126300,0,0,0
ru2204,20220218,20220218,133814000,13:38:17,14185,285,1599,40126300,0,0,0
ru2204,20220218,20220218,133814500,13:38:17,14185,285,1599,40126300,0,0,0
ru2204,20220218,20220218,133815000,13:38:17,14185,285,1599,40126300,0,0,0
ru2204,20220218,20220218,133817000,13:38:18,14185,285,1599,40126300,0,0,0
ru2204,20220218,20220218,133817500,13:38:18,14185,285,1599,40126300,0,0,0
ru2204,20220218,20220218,133818000,13:38:18,14185,285,1599,40126300,0,0,0
ru2204,20220218,20220218,133818500,13:38:19,14185,285,1599,40126300,0,0,0
ru2204,20220218,20220218,133819000,13:38:19,14185,285,1599,40126300,0,0,0
ru2204,20220218,20220218,133819500,13:38:20,14185,285,1599,40126300,0,0,0
ru2204,20220218,20220218,133820000,13:38:22,14185,285,1599,40126300,0,0,0
ru2204,20220218,20220218,133820500,13:38:22,14185,285,1599,40126300,0,0,0
ru2204,20220218,20220218,133821000,13:38:22,14185,285,1599,40126300,0,0,0
ru2204,20220218,20220218,133821500,13:38:23,14185,285,1599,40126300,0,0,0
ru2204,20220218,20220218,133822000,13:38:23,14185,285,1599,40126300,0,0,0
ru2204,20220218,20220218,133822500,13:38:23,14185,285,1599,40126300,0,0,0
ru2204,20220218,20220218,133823000,13:38:24,14185,285,1599,40126300,0,0,0
ru2204,20220218,20220218,133823500,13:38:24,14185,285,1599,40126300,0,0,0
ru2204,20220218,20220218,133824000,13:38:25,14185,285,1599,40126300,0,0,0
ru2204,20220218,20220218,133824500,13:38:40,14185,285,1599,40126300,0,0,0
ru2204,20220218,20220218,133825000,13:38:41,14185,285,1599,40126300,0,0,0
ru2204,20220218,20220218,133825500,13:38:41,14185,285,1599,40126300,0,0,0
ru2204,20220218,20220218,133840500,13:38:43,14185,285,1599,40126300,0,0,0
ru2204,20220218,20220218,133841000,13:38:43,14185,285,1599,40126300,0,0,0
ru2204,20220218,20220218,133841500,13:38:43,14185,285,1599,40126300,0,0,0
ru2204,20220218,20220218,133842000,13:38:43,14185,285,1599,40126300,0,0,0
ru2204,20220218,20220218,133842500,13:38:43,14185,285,1599,40126300,0,0,0
ru2204,20220218,20220218,133843000,13:38:43,14185,285,1599,40126300,0,0,0
ru2204,20220218,20220218,133843500,13:38:43,14185,285,1599,40126300,0,0,0
ru2204,20220218,20220218,133844000,13:38:44,14185,285,1599,40126300,0,0,0
ru2204,20220218,20220218,133844500,13:38:44,14185,285,1599,40126300,0,0,0
ru2204,20220218,20220218,133845000,13:38:45,14185,285,1599,40126300,0,0,0
ru2204,20220218,20220218,133845500,13:38:45,14185,285,1599,40126300,0,0,0
ru2204,20220218,20220218,133846000,13:38:46,14185,285,1599,40126300,0,0,0
ru2204,20220218,20220218,133847500,13:38:47,14185,285,1599,40126300,0,0,0
ru2204,20220218,20220218,133849500,13:38:49,14185,285,1599,40126300,0,0,0
ru2204,20220218,20220218,133851000,13:38:51,14185,285,1599,40126300,0,0,0
ru2204,20220218,20220218,133852000,13:38:52,14185,285,1599,40126300,0,0,0
ru2204,20220218,20220218,133855000,13:38:55,14185,285,1599,40126300,0,0,0
ru2204,20220218,20220218,133856500,13:38:56,14185,285,1599,40126300,0,0,0
ru2204,20220218,20220218,133858000,13:38:58,14185,285,1599,40126300,0,0,0
ru2204,20220218,20220218,133900000,13:39:00,14185,285,1599,40126300,0,0,0
ru2204,20220218,20220218,133901000,13:39:01,14185,285,1599,40126300,0,0,0
ru2204,20220218,20220218,133902000,13:39:02,14185,285,1599,40126300,0,0,0
ru2204,20220218,20220218,133903000,13:39:03,14185,285,1599,40126300,0,0,0
ru2204,20220218,20220218,133907000,13:39:07,14210,286,1600,40268400,1,1,142100
ru2204,20220218,20220218,133908000,13:39:08,14210,286,1600,40268400,0,0,0
ru2204,20220218,20220218,133909000,13:39:09,14210,286,1600,40268400,0,0,0
ru2204,20220218,20220218,133910500,13:39:10,14210,286,1600,40268400,0,0,0
ru2204,20220218,20220218,133912000,13:39:12,14210,286,1600,40268400,0,0,0
ru2204,20220218,20220218,133913500,13:39:13,14210,286,1600,40268400,0,0,0
ru2204,20220218,20220218,133914000,13:39:15,14210,286,1600,40268400,0,0,0
ru2204,20220218,20220218,133914500,13:39:16,14210,286,1600,40268400,0,0,0
ru2204,20220218,20220218,133915000,13:39:18,14210,286,1600,40268400,0,0,0
ru2204,20220218,20220218,133915500,13:39:19,14210,286,1600,40268400,0,0,0
ru2204,20220218,20220218,133918000,13:39:19,14210,286,1600,40268400,0,0,0
ru2204,20220218,20220218,133919000,13:39:19,14210,286,1600,40268400,0,0,0
ru2204,20220218,20220218,133920500,13:39:20,14210,286,1600,40268400,0,0,0
ru2204,20220218,20220218,133922000,13:39:22,14210,286,1600,40268400,0,0,0
ru2204,20220218,20220218,133923000,13:39:23,14210,286,1600,40268400,0,0,0
ru2204,20220218,20220218,133924000,13:39:24,14210,286,1600,40268400,0,0,0
ru2204,20220218,20220218,133924500,13:39:24,14210,286,1600,40268400,0,0,0
ru2204,20220218,20220218,133925500,13:39:26,14210,286,1600,40268400,0,0,0
ru2204,20220218,20220218,133927000,13:39:27,14210,286,1600,40268400,0,0,0
ru2204,20220218,20220218,133928500,13:39:28,14210,286,1600,40268400,0,0,0
ru2204,20220218,20220218,133930000,13:39:30,14210,286,1600,40268400,0,0,0
ru2204,20220218,20220218,133931500,13:39:31,14210,286,1600,40268400,0,0,0
ru2204,20220218,20220218,133932500,13:39:33,14210,286,1600,40268400,0,0,0
ru2204,20220218,20220218,133934000,13:39:34,14210,286,1600,40268400,0,0,0
ru2204,20220218,20220218,133935500,13:39:35,14210,286,1600,40268400,0,0,0
ru2204,20220218,20220218,133936500,13:39:36,14210,286,1600,40268400,0,0,0
ru2204,20220218,20220218,133937500,13:39:37,14210,286,1600,40268400,0,0,0
ru2204,20220218,20220218,133938000,13:39:38,14210,286,1600,40268400,0,0,0
ru2204,20220218,20220218,133939000,13:39:39,14210,286,1600,40268400,0,0,0
ru2204,20220218,20220218,133940000,13:39:40,14210,286,1600,40268400,0,0,0
ru2204,20220218,20220218,133940500,13:39:41,14210,286,1600,40268400,0,0,0
ru2204,20220218,20220218,133942000,13:39:42,14210,286,1600,40268400,0,0,0
ru2204,20220218,20220218,133944000,13:39:44,14210,286,1600,40268400,0,0,0
ru2204,20220218,20220218,133945000,13:39:45,14210,286,1600,40268400,0,0,0
ru2204,20220218,20220218,133945500,13:39:46,14210,286,1600,40268400,0,0,0
ru2204,20220218,20220218,133946000,13:39:47,14210,286,1600,40268400,0,0,0
ru2204,20220218,20220218,133946500,13:39:47,14210,286,1600,40268400,0,0,0
ru2204,20220218,20220218,133947000,13:39:47,14210,286,1600,40268400,0,0,0
ru2204,20220218,20220218,133947500,13:39:47,14210,286,1600,40268400,0,0,0
ru2204,20220218,20220218,133948000,13:39:48,14210,286,1600,40268400,0,0,0
ru2204,20220218,20220218,133948500,13:39:48,14210,286,1600,40268400,0,0,0
ru2204,20220218,20220218,133949000,13:39:49,14210,286,1600,40268400,0,0,0
ru2204,20220218,20220218,133949500,13:39:50,14210,286,1600,40268400,0,0,0
ru2204,20220218,20220218,133950000,13:39:50,14210,286,1600,40268400,0,0,0
ru2204,20220218,20220218,133950500,13:39:50,14210,286,1600,40268400,0,0,0
ru2204,20220218,20220218,133951000,13:39:51,14210,286,1600,40268400,0,0,0
ru2204,20220218,20220218,133951500,13:39:51,14210,286,1600,40268400,0,0,0
ru2204,20220218,20220218,133952000,13:39:53,14210,286,1600,40268400,0,0,0
ru2204,20220218,20220218,133952500,13:39:53,14210,286,1600,40268400,0,0,0
ru2204,20220218,20220218,133953000,13:39:54,14210,286,1600,40268400,0,0,0
ru2204,20220218,20220218,133953500,13:39:54,14210,286,1600,40268400,0,0,0
ru2204,20220218,20220218,133954000,13:39:55,14210,286,1600,40268400,0,0,0
ru2204,20220218,20220218,133954500,13:39:55,14210,286,1600,40268400,0,0,0
ru2204,20220218,20220218,133955000,13:39:55,14210,286,1600,40268400,0,0,0
ru2204,20220218,20220218,133955500,13:39:55,14210,286,1600,40268400,0,0,0
ru2204,20220218,20220218,133956000,13:39:56,14210,286,1600,40268400,0,0,0
ru2204,20220218,20220218,133956500,13:39:57,14210,286,1600,40268400,0,0,0
ru2204,20220218,20220218,133957000,13:39:59,14210,286,1600,40268400,0,0,0
ru2204,20220218,20220218,133957500,13:40:13,14210,286,1600,40268400,0,0,0
ru2204,20220218,20220218,133958000,13:40:13,14210,286,1600,40268400,0,0,0
ru2204,20220218,20220218,133958500,13:40:13,14210,286,1600,40268400,0,0,0
ru2204,20220218,20220218,134012500,13:40:13,14210,286,1600,40268400,0,0,0
ru2204,20220218,20220218,134013000,13:40:13,14210,286,1600,40268400,0,0,0
ru2204,20220218,20220218,134013500,13:40:13,14210,286,1600,40268400,0,0,0
ru2204,20220218,20220218,134014000,13:40:14,14210,286,1600,40268400,0,0,0
ru2204,20220218,20220218,134014500,13:40:16,14210,286,1600,40268400,0,0,0
ru2204,20220218,20220218,134015000,13:40:16,14210,286,1600,40268400,0,0,0
ru2204,20220218,20220218,134015500,13:40:16,14210,286,1600,40268400,0,0,0
ru2204,20220218,20220218,134016000,13:40:16,14210,286,1600,40268400,0,0,0
ru2204,20220218,20220218,134016500,13:40:17,14210,286,1600,40268400,0,0,0
ru2204,20220218,20220218,134017000,13:40:17,14210,286,1600,40268400,0,0,0
ru2204,20220218,20220218,134017500,13:40:18,14210,286,1600,40268400,0,0,0
ru2204,20220218,20220218,134018000,13:40:19,14210,286,1600,40268400,0,0,0
ru2204,20220218,20220218,134018500,13:40:19,14210,286,1600,40268400,0,0,0
ru2204,20220218,20220218,134019000,13:40:19,14210,286,1600,40268400,0,0,0
ru2204,20220218,20220218,134019500,13:40:20,14210,286,1600,40268400,0,0,0
ru2204,20220218,20220218,134020000,13:40:20,14210,286,1600,40268400,0,0,0
ru2204,20220218,20220218,134020500,13:40:21,14210,286,1600,40268400,0,0,0
ru2204,20220218,20220218,134021000,13:40:22,14210,286,1600,40268400,0,0,0
ru2204,20220218,20220218,134021500,13:40:22,14210,286,1600,40268400,0,0,0
ru2204,20220218,20220218,134022000,13:40:22,14210,286,1600,40268400,0,0,0
ru2204,20220218,20220218,134022500,13:40:22,14210,286,1600,40268400,0,0,0
ru2204,20220218,20220218,134023000,13:40:23,14210,286,1600,40268400,0,0,0
ru2204,20220218,20220218,134023500,13:40:24,14210,286,1600,40268400,0,0,0
ru2204,20220218,20220218,134024000,13:40:24,14210,286,1600,40268400,0,0,0
ru2204,20220218,20220218,134024500,13:40:25,14210,286,1600,40268400,0,0,0
ru2204,20220218,20220218,134025000,13:40:25,14210,286,1600,40268400,0,0,0
ru2204,20220218,20220218,134025500,13:40:26,14210,286,1600,40268400,0,0,0
ru2204,20220218,20220218,134026000,13:40:26,14210,286,1600,40268400,0,0,0
ru2204,20220218,20220218,134026500,13:40:27,14210,286,1600,40268400,0,0,0
ru2204,20220218,20220218,134027000,13:40:27,14210,286,1600,40268400,0,0,0
ru2204,20220218,20220218,134027500,13:40:27,14210,286,1600,40268400,0,0,0
ru2204,20220218,20220218,134028000,13:40:28,14210,286,1600,40268400,0,0,0
ru2204,20220218,20220218,134028500,13:40:29,14210,286,1600,40268400,0,0,0
ru2204,20220218,20220218,134029000,13:40:30,14210,286,1600,40268400,0,0,0
ru2204,20220218,20220218,134029500,13:40:30,14210,286,1600,40268400,0,0,0
ru2204,20220218,20220218,134030000,13:40:30,14210,286,1600,40268400,0,0,0
ru2204,20220218,20220218,134030500,13:40:31,14210,286,1600,40268400,0,0,0
ru2204,20220218,20220218,134031000,13:40:31,14210,286,1600,40268400,0,0,0
ru2204,20220218,20220218,134031500,13:40:32,14210,286,1600,40268400,0,0,0
ru2204,20220218,20220218,134032000,13:40:32,14210,286,1600,40268400,0,0,0
ru2204,20220218,20220218,134032500,13:40:32,14210,286,1600,40268400,0,0,0
ru2204,20220218,20220218,134033000,13:40:34,14210,286,1600,40268400,0,0,0
ru2204,20220218,20220218,134033500,13:40:34,14210,286,1600,40268400,0,0,0
ru2204,20220218,20220218,134034000,13:40:34,14210,286,1600,40268400,0,0,0
ru2204,20220218,20220218,134034500,13:40:35,14210,286,1600,40268400,0,0,0
ru2204,20220218,20220218,134035000,13:40:35,14210,286,1600,40268400,0,0,0
ru2204,20220218,20220218,134035500,13:40:36,14210,286,1600,40268400,0,0,0
ru2204,20220218,20220218,134036000,13:40:36,14210,286,1600,40268400,0,0,0
ru2204,20220218,20220218,134036500,13:40:36,14210,286,1600,40268400,0,0,0
ru2204,20220218,20220218,134037000,13:40:37,14210,286,1600,40268400,0,0,0
ru2204,20220218,20220218,134037500,13:40:37,14210,286,1600,40268400,0,0,0
ru2204,20220218,20220218,134038000,13:40:38,14210,286,1600,40268400,0,0,0
ru2204,20220218,20220218,134038500,13:40:39,14210,286,1600,40268400,0,0,0
ru2204,20220218,20220218,134039000,13:40:39,14210,286,1600,40268400,0,0,0
ru2204,20220218,20220218,134039500,13:40:40,14210,286,1600,40268400,0,0,0
ru2204,20220218,20220218,134040000,13:40:41,14210,286,1600,40268400,0,0,0
ru2204,20220218,20220218,134040500,13:40:42,14210,286,1600,40268400,0,0,0
ru2204,20220218,20220218,134041000,13:40:42,14210,286,1600,40268400,0,0,0
ru2204,20220218,20220218,134041500,13:40:42,14210,286,1600,40268400,0,0,0
ru2204,20220218,20220218,134042000,13:40:42,14210,286,1600,40268400,0,0,0
ru2204,20220218,20220218,134042500,13:40:42,14210,286,1600,40268400,0,0,0
ru2204,20220218,20220218,134043000,13:40:43,14210,286,1600,40268400,0,0,0
ru2204,20220218,20220218,134043500,13:40:44,14210,286,1600,40268400,0,0,0
ru2204,20220218,20220218,134044000,13:40:44,14210,286,1600,40268400,0,0,0
ru2204,20220218,20220218,134044500,13:40:44,14210,286,1600,40268400,0,0,0
ru2204,20220218,20220218,134045000,13:40:45,14210,286,1600,40268400,0,0,0
ru2204,20220218,20220218,134045500,13:40:45,14210,286,1600,40268400,0,0,0
ru2204,20220218,20220218,134046000,13:40:46,14210,286,1600,40268400,0,0,0
ru2204,20220218,20220218,134046500,13:40:46,14210,286,1600,40268400,0,0,0
ru2204,20220218,20220218,134047000,13:40:47,14210,286,1600,40268400,0,0,0
ru2204,20220218,20220218,134047500,13:40:47,14210,286,1600,40268400,0,0,0
ru2204,20220218,20220218,134048000,13:40:48,14210,286,1600,40268400,0,0,0
ru2204,20220218,20220218,134048500,13:40:48,14210,286,1600,40268400,0,0,0
ru2204,20220218,20220218,134049000,13:40:49,14210,286,1600,40268400,0,0,0
ru2204,20220218,20220218,134049500,13:40:49,14210,286,1600,40268400,0,0,0
ru2204,20220218,20220218,134050000,13:40:50,14210,286,1600,40268400,0,0,0
ru2204,20220218,20220218,134050500,13:40:50,14210,286,1600,40268400,0,0,0
ru2204,20220218,20220218,134051000,13:40:55,14210,286,1600,40268400,0,0,0
ru2204,20220218,20220218,134051500,13:40:55,14210,286,1600,40268400,0,0,0
ru2204,20220218,20220218,134052000,13:40:55,14210,286,1600,40268400,0,0,0
ru2204,20220218,20220218,134052500,13:40:55,14210,286,1600,40268400,0,0,0
ru2204,20220218,20220218,134055000,13:40:55,14210,286,1600,40268400,0,0,0
ru2204,20220218,20220218,134055500,13:40:57,14210,286,1600,40268400,0,0,0
ru2204,20220218,20220218,134056000,13:40:58,14210,286,1600,40268400,0,0,0
ru2204,20220218,20220218,134056500,13:40:58,14210,286,1600,40268400,0,0,0
ru2204,20220218,20220218,134057000,13:40:58,14210,286,1600,40268400,0,0,0
ru2204,20220218,20220218,134057500,13:40:58,14210,286,1600,40268400,0,0,0
ru2204,20220218,20220218,134058000,13:40:58,14210,286,1600,40268400,0,0,0
ru2204,20220218,20220218,134058500,13:40:59,14210,286,1600,40268400,0,0,0
ru2204,20220218,20220218,134059000,13:40:59,14210,286,1600,40268400,0,0,0
ru2204,20220218,20220218,134059500,13:41:00,14210,286,1600,40268400,0,0,0
ru2204,20220218,20220218,134100000,13:41:00,14210,286,1600,40268400,0,0,0
ru2204,20220218,20220218,134100500,13:41:00,14210,286,1600,40268400,0,0,0
ru2204,20220218,20220218,134101000,13:41:01,14210,286,1600,40268400,0,0,0
ru2204,20220218,20220218,134101500,13:41:01,14210,286,1600,40268400,0,0,0
ru2204,20220218,20220218,134102000,13:41:02,14210,286,1600,40268400,0,0,0
ru2204,20220218,20220218,134102500,13:41:02,14210,286,1600,40268400,0,0,0
ru2204,20220218,20220218,134103000,13:41:04,14210,286,1600,40268400,0,0,0
ru2204,20220218,20220218,134103500,13:41:05,14210,286,1600,40268400,0,0,0
ru2204,20220218,20220218,134104000,13:41:05,14210,286,1600,40268400,0,0,0
ru2204,20220218,20220218,134104500,13:41:06,14210,286,1600,40268400,0,0,0
ru2204,20220218,20220218,134105000,13:41:06,14210,286,1600,40268400,0,0,0
ru2204,20220218,20220218,134105500,13:41:06,14210,286,1600,40268400,0,0,0
ru2204,20220218,20220218,134106000,13:41:07,14210,286,1600,40268400,0,0,0
ru2204,20220218,20220218,134106500,13:41:07,14210,286,1600,40268400,0,0,0
ru2204,20220218,20220218,134107000,13:41:08,14210,286,1600,40268400,0,0,0
ru2204,20220218,20220218,134107500,13:41:09,14210,286,1600,40268400,0,0,0
ru2204,20220218,20220218,134108000,13:41:09,14210,286,1600,40268400,0,0,0
ru2204,20220218,20220218,134109000,13:41:10,14210,286,1600,40268400,0,0,0
ru2204,20220218,20220218,134109500,13:41:10,14210,286,1600,40268400,0,0,0
ru2204,20220218,20220218,134110000,13:41:10,14210,286,1600,40268400,0,0,0
ru2204,20220218,20220218,134110500,13:41:10,14210,286,1600,40268400,0,0,0
ru2204,20220218,20220218,134111000,13:41:11,14210,286,1600,40268400,0,0,0
ru2204,20220218,20220218,134111500,13:41:11,14210,286,1600,40268400,0,0,0
ru2204,20220218,20220218,134112000,13:41:12,14210,286,1600,40268400,0,0,0
ru2204,20220218,20220218,134112500,13:41:12,14210,286,1600,40268400,0,0,0
ru2204,20220218,20220218,134113000,13:41:13,14210,286,1600,40268400,0,0,0
ru2204,20220218,20220218,134113500,13:41:13,14210,286,1600,40268400,0,0,0
ru2204,20220218,20220218,134114000,13:41:14,14210,286,1600,40268400,0,0,0
ru2204,20220218,20220218,134114500,13:41:16,14210,286,1600,40268400,0,0,0
ru2204,20220218,20220218,134115000,13:41:16,14210,286,1600,40268400,0,0,0
ru2204,20220218,20220218,134115500,13:41:16,14210,286,1600,40268400,0,0,0
ru2204,20220218,20220218,134116000,13:41:17,14210,286,1600,40268400,0,0,0
ru2204,20220218,20220218,134116500,13:41:17,14210,286,1600,40268400,0,0,0
ru2204,20220218,20220218,134117000,13:41:17,14210,286,1600,40268400,0,0,0
ru2204,20220218,20220218,134117500,13:41:19,14210,286,1600,40268400,0,0,0
ru2204,20220218,20220218,134118000,13:41:19,14210,286,1600,40268400,0,0,0
ru2204,20220218,20220218,134118500,13:41:19,14210,286,1600,40268400,0,0,0
ru2204,20220218,20220218,134119000,13:41:19,14210,286,1600,40268400,0,0,0
ru2204,20220218,20220218,134119500,13:41:20,14210,286,1600,40268400,0,0,0
ru2204,20220218,20220218,134120000,13:41:20,14210,286,1600,40268400,0,0,0
ru2204,20220218,20220218,134120500,13:41:23,14210,286,1600,40268400,0,0,0
ru2204,20220218,20220218,134121000,13:41:23,14210,286,1600,40268400,0,0,0
ru2204,20220218,20220218,134121500,13:41:24,14210,286,1600,40268400,0,0,0
ru2204,20220218,20220218,134123000,13:41:24,14210,286,1600,40268400,0,0,0
ru2204,20220218,20220218,134123500,13:41:24,14210,286,1600,40268400,0,0,0
ru2204,20220218,20220218,134124000,13:41:26,14210,286,1600,40268400,0,0,0
ru2204,20220218,20220218,134124500,13:41:26,14210,286,1600,40268400,0,0,0
ru2204,20220218,20220218,134125000,13:41:27,14210,286,1600,40268400,0,0,0
ru2204,20220218,20220218,134125500,13:41:27,14210,286,1600,40268400,0,0,0
ru2204,20220218,20220218,134126500,13:41:27,14210,286,1600,40268400,0,0,0
ru2204,20220218,20220218,134127000,13:41:27,14210,286,1600,40268400,0,0,0
ru2204,20220218,20220218,134127500,13:41:27,14210,286,1600,40268400,0,0,0
ru2204,20220218,20220218,134128000,13:41:28,14210,286,1600,40268400,0,0,0
ru2204,20220218,20220218,134128500,13:41:28,14210,286,1600,40268400,0,0,0
ru2204,20220218,20220218,134129000,13:41:29,14210,286,1600,40268400,0,0,0
ru2204,20220218,20220218,134129500,13:41:30,14210,286,1600,40268400,0,0,0
ru2204,20220218,20220218,134130000,13:41:30,14210,286,1600,40268400,0,0,0
ru2204,20220218,20220218,134130500,13:41:31,14210,286,1600,40268400,0,0,0
ru2204,20220218,20220218,134131000,13:41:31,14210,286,1600,40268400,0,0,0
ru2204,20220218,20220218,134131500,13:41:32,14210,286,1600,40268400,0,0,0
ru2204,20220218,20220218,134132000,13:41:33,14210,286,1600,40268400,0,0,0
ru2204,20220218,20220218,134132500,13:41:33,14210,286,1600,40268400,0,0,0
ru2204,20220218,20220218,134133000,13:41:33,14210,286,1600,40268400,0,0,0
ru2204,20220218,20220218,134133500,13:41:34,14210,286,1600,40268400,0,0,0
ru2204,20220218,20220218,134134000,13:41:34,14210,286,1600,40268400,0,0,0
ru2204,20220218,20220218,134134500,13:41:34,14210,286,1600,40268400,0,0,0
ru2204,20220218,20220218,134135000,13:41:35,14210,286,1600,40268400,0,0,0
ru2204,20220218,20220218,134135500,13:41:35,14210,286,1600,40268400,0,0,0
ru2204,20220218,20220218,134136000,13:41:39,14210,286,1600,40268400,0,0,0
ru2204,20220218,20220218,134136500,13:41:40,14210,286,1600,40268400,0,0,0
ru2204,20220218,20220218,134137000,13:41:40,14210,286,1600,40268400,0,0,0
ru2204,20220218,20220218,134139500,13:41:42,14210,286,1600,40268400,0,0,0
ru2204,20220218,20220218,134140000,13:41:42,14210,286,1600,40268400,0,0,0
ru2204,20220218,20220218,134140500,13:41:42,14210,286,1600,40268400,0,0,0
ru2204,20220218,20220218,134142000,13:41:42,14210,286,1600,40268400,0,0,0
ru2204,20220218,20220218,134142500,13:41:42,14210,286,1600,40268400,0,0,0
ru2204,20220218,20220218,134143000,13:41:44,14210,286,1600,40268400,0,0,0
ru2204,20220218,20220218,134143500,13:41:44,14210,286,1600,40268400,0,0,0
ru2204,20220218,20220218,134144000,13:41:44,14210,286,1600,40268400,0,0,0
ru2204,20220218,20220218,134144500,13:41:44,14210,286,1600,40268400,0,0,0
ru2204,20220218,20220218,134145000,13:41:45,14210,286,1600,40268400,0,0,0
ru2204,20220218,20220218,134145500,13:41:45,14210,286,1600,40268400,0,0,0
ru2204,20220218,20220218,134146000,13:41:46,14210,286,1600,40268400,0,0,0
ru2204,20220218,20220218,134146500,13:41:47,14210,286,1600,40268400,0,0,0
ru2204,20220218,20220218,134147000,13:41:47,14210,286,1600,40268400,0,0,0
ru2204,20220218,20220218,134147500,13:41:48,14210,286,1600,40268400,0,0,0
ru2204,20220218,20220218,134148000,13:41:48,14210,286,1600,40268400,0,0,0
ru2204,20220218,20220218,134148500,13:41:48,14210,286,1600,40268400,0,0,0
ru2204,20220218,20220218,134149000,13:41:50,14210,286,1600,40268400,0,0,0
ru2204,20220218,20220218,134149500,13:41:50,14210,286,1600,40268400,0,0,0
ru2204,20220218,20220218,134150000,13:41:50,14210,286,1600,40268400,0,0,0
ru2204,20220218,20220218,134150500,13:41:51,14210,286,1600,40268400,0,0,0
ru2204,20220218,20220218,134151000,13:41:51,14210,286,1600,40268400,0,0,0
ru2204,20220218,20220218,134151500,13:41:52,14210,286,1600,40268400,0,0,0
ru2204,20220218,20220218,134152000,13:41:52,14210,286,1600,40268400,0,0,0
ru2204,20220218,20220218,134152500,13:41:52,14210,286,1600,40268400,0,0,0
ru2204,20220218,20220218,134153000,13:41:53,14210,286,1600,40268400,0,0,0
ru2204,20220218,20220218,134153500,13:42:01,14210,286,1600,40268400,0,0,0
ru2204,20220218,20220218,134154000,13:42:02,14210,286,1600,40268400,0,0,0
ru2204,20220218,20220218,134154500,13:42:02,14210,286,1600,40268400,0,0,0
ru2204,20220218,20220218,134202000,13:42:11,14210,286,1600,40268400,0,0,0
ru2204,20220218,20220218,134202500,13:42:11,14210,286,1600,40268400,0,0,0
ru2204,20220218,20220218,134203000,13:42:11,14210,286,1600,40268400,0,0,0
ru2204,20220218,20220218,134210000,13:42:12,14210,286,1600,40268400,0,0,0
ru2204,20220218,20220218,134211000,13:42:12,14210,286,1600,40268400,0,0,0
ru2204,20220218,20220218,134211500,13:42:12,14210,286,1600,40268400,0,0,0
ru2204,20220218,20220218,134212000,13:42:13,14210,286,1600,40268400,0,0,0
ru2204,20220218,20220218,134212500,13:42:13,14210,286,1600,40268400,0,0,0
ru2204,20220218,20220218,134213000,13:42:13,14210,286,1600,40268400,0,0,0
ru2204,20220218,20220218,134213500,13:42:14,14210,286,1600,40268400,0,0,0
ru2204,20220218,20220218,134214000,13:42:14,14210,286,1600,40268400,0,0,0
ru2204,20220218,20220218,134214500,13:42:15,14210,286,1600,40268400,0,0,0
ru2204,20220218,20220218,134215000,13:42:15,14210,286,1600,40268400,0,0,0
ru2204,20220218,20220218,134215500,13:42:16,14210,286,1600,40268400,0,0,0
ru2204,20220218,20220218,134216000,13:42:16,14210,286,1600,40268400,0,0,0
ru2204,20220218,20220218,134216500,13:42:17,14210,286,1600,40268400,0,0,0
ru2204,20220218,20220218,134217000,13:42:19,14210,286,1600,40268400,0,0,0
ru2204,20220218,20220218,134217500,13:42:19,14210,286,1600,40268400,0,0,0
ru2204,20220218,20220218,134218000,13:42:20,14210,286,1600,40268400,0,0,0
ru2204,20220218,20220218,134219500,13:42:20,14210,286,1600,40268400,0,0,0
ru2204,20220218,20220218,134220000,13:42:21,14210,286,1600,40268400,0,0,0
ru2204,20220218,20220218,134220500,13:42:21,14210,286,1600,40268400,0,0,0
ru2204,20220218,20220218,134221000,13:42:21,14210,286,1600,40268400,0,0,0
ru2204,20220218,20220218,134221500,13:42:22,14210,286,1600,40268400,0,0,0
ru2204,20220218,20220218,134222000,13:42:22,14210,286,1600,40268400,0,0,0
ru2204,20220218,20220218,134222500,13:42:22,14210,286,1600,40268400,0,0,0
ru2204,20220218,20220218,134223000,13:42:23,14210,286,1600,40268400,0,0,0
ru2204,20220218,20220218,134223500,13:42:24,14210,286,1600,40268400,0,0,0
ru2204,20220218,20220218,134224000,13:42:24,14210,286,1600,40268400,0,0,0
ru2204,20220218,20220218,134224500,13:42:25,14210,286,1600,40268400,0,0,0
ru2204,20220218,20220218,134225000,13:42:25,14210,286,1600,40268400,0,0,0
ru2204,20220218,20220218,134225500,13:42:25,14210,286,1600,40268400,0,0,0
ru2204,20220218,20220218,134226000,13:42:27,14210,286,1600,40268400,0,0,0
ru2204,20220218,20220218,134226500,13:42:28,14210,286,1600,40268400,0,0,0
ru2204,20220218,20220218,134227000,13:42:28,14210,286,1600,40268400,0,0,0
ru2204,20220218,20220218,134227500,13:42:29,14210,286,1600,40268400,0,0,0
ru2204,20220218,20220218,134228000,13:42:29,14210,286,1600,40268400,0,0,0
ru2204,20220218,20220218,134228500,13:42:29,14210,286,1600,40268400,0,0,0
ru2204,20220218,20220218,134229000,13:42:29,14210,286,1600,40268400,0,0,0
ru2204,20220218,20220218,134235000,13:42:35,14210,286,1600,40268400,0,0,0
ru2204,20220218,20220218,134239500,13:42:39,14210,286,1600,40268400,0,0,0
ru2204,20220218,20220218,134243000,13:42:43,14210,286,1600,40268400,0,0,0
ru2204,20220218,20220218,134246000,13:42:46,14210,286,1600,40268400,0,0,0
ru2204,20220218,20220218,134249500,13:42:49,14210,286,1600,40268400,0,0,0
ru2204,20220218,20220218,134255000,13:42:55,14210,286,1600,40268400,0,0,0
ru2204,20220218,20220218,134255500,13:42:55,14210,286,1600,40268400,0,0,0
ru2204,20220218,20220218,134256000,13:42:56,14210,286,1600,40268400,0,0,0
ru2204,20220218,20220218,134256500,13:42:57,14210,286,1600,40268400,0,0,0
ru2204,20220218,20220218,134257000,13:42:59,14210,286,1600,40268400,0,0,0
ru2204,20220218,20220218,134257500,13:42:59,14210,286,1600,40268400,0,0,0
ru2204,20220218,20220218,134258000,13:42:59,14210,286,1600,40268400,0,0,0
ru2204,20220218,20220218,134259000,13:43:00,14210,286,1600,40268400,0,0,0
ru2204,20220218,20220218,134259500,13:43:01,14210,286,1600,40268400,0,0,0
ru2204,20220218,20220218,134300000,13:43:01,14210,286,1600,40268400,0,0,0
ru2204,20220218,20220218,134300500,13:43:02,14210,286,1600,40268400,0,0,0
ru2204,20220218,20220218,134301000,13:43:02,14210,286,1600,40268400,0,0,0
ru2204,20220218,20220218,134301500,13:43:02,14210,286,1600,40268400,0,0,0
ru2204,20220218,20220218,134302000,13:43:02,14210,286,1600,40268400,0,0,0
ru2204,20220218,20220218,134302500,13:43:03,14210,286,1600,40268400,0,0,0
ru2204,20220218,20220218,134303000,13:43:05,14210,286,1600,40268400,0,0,0
ru2204,20220218,20220218,134303500,13:43:11,14210,286,1600,40268400,0,0,0
ru2204,20220218,20220218,134305000,13:43:12,14210,286,1600,40268400,0,0,0
ru2204,20220218,20220218,134310500,13:43:12,14210,286,1600,40268400,0,0,0
ru2204,20220218,20220218,134311000,13:43:14,14210,286,1600,40268400,0,0,0
ru2204,20220218,20220218,134312000,13:43:14,14210,286,1600,40268400,0,0,0
ru2204,20220218,20220218,134312500,13:43:14,14210,286,1600,40268400,0,0,0
ru2204,20220218,20220218,134313000,13:43:14,14210,286,1600,40268400,0,0,0
ru2204,20220218,20220218,134314000,13:43:14,14210,286,1600,40268400,0,0,0
ru2204,20220218,20220218,134314500,13:43:15,14210,286,1600,40268400,0,0,0
ru2204,20220218,20220218,134315000,13:43:15,14210,286,1600,40268400,0,0,0
ru2204,20220218,20220218,134315500,13:43:15,14210,286,1600,40268400,0,0,0
ru2204,20220218,20220218,134316000,13:43:16,14210,286,1600,40268400,0,0,0
ru2204,20220218,20220218,134316500,13:43:17,14210,286,1600,40268400,0,0,0
ru2204,20220218,20220218,134317000,13:43:17,14210,286,1600,40268400,0,0,0
ru2204,20220218,20220218,134317500,13:43:18,14210,286,1600,40268400,0,0,0
ru2204,20220218,20220218,134318000,13:43:18,14210,286,1600,40268400,0,0,0
ru2204,20220218,20220218,134318500,13:43:18,14210,286,1600,40268400,0,0,0
ru2204,20220218,20220218,134319000,13:43:19,14210,286,1600,40268400,0,0,0
ru2204,20220218,20220218,134319500,13:43:19,14210,286,1600,40268400,0,0,0
ru2204,20220218,20220218,134320000,13:43:20,14210,286,1600,40268400,0,0,0
ru2204,20220218,20220218,134320500,13:43:21,14210,286,1600,40268400,0,0,0
ru2204,20220218,20220218,134321000,13:43:21,14210,286,1600,40268400,0,0,0
ru2204,20220218,20220218,134321500,13:43:21,14210,286,1600,40268400,0,0,0
ru2204,20220218,20220218,134322000,13:43:22,14210,286,1600,40268400,0,0,0
ru2204,20220218,20220218,134322500,13:43:23,14210,286,1600,40268400,0,0,0
ru2204,20220218,20220218,134323000,13:43:23,14210,286,1600,40268400,0,0,0
ru2204,20220218,20220218,134323500,13:43:24,14210,286,1600,40268400,0,0,0
ru2204,20220218,20220218,134324000,13:43:24,14210,286,1600,40268400,0,0,0
ru2204,20220218,20220218,134324500,13:43:24,14210,286,1600,40268400,0,0,0
ru2204,20220218,20220218,134325000,13:43:25,14210,286,1600,40268400,0,0,0
ru2204,20220218,20220218,134325500,13:43:26,14210,286,1600,40268400,0,0,0
ru2204,20220218,20220218,134326000,13:43:26,14210,286,1600,40268400,0,0,0
ru2204,20220218,20220218,134326500,13:43:27,14210,286,1600,40268400,0,0,0
ru2204,20220218,20220218,134327000,13:43:27,14210,286,1600,40268400,0,0,0
ru2204,20220218,20220218,134327500,13:43:27,14210,286,1600,40268400,0,0,0
ru2204,20220218,20220218,134328000,13:43:29,14210,286,1600,40268400,0,0,0
ru2204,20220218,20220218,134328500,13:43:29,14210,286,1600,40268400,0,0,0
ru2204,20220218,20220218,134329000,13:43:29,14210,286,1600,40268400,0,0,0
ru2204,20220218,20220218,134329500,13:43:30,14210,286,1600,40268400,0,0,0
ru2204,20220218,20220218,134330000,13:43:30,14210,286,1600,40268400,0,0,0
ru2204,20220218,20220218,134330500,13:43:30,14210,286,1600,40268400,0,0,0
ru2204,20220218,20220218,134331000,13:43:31,14210,286,1600,40268400,0,0,0
ru2204,20220218,20220218,134331500,13:43:31,14210,286,1600,40268400,0,0,0
ru2204,20220218,20220218,134332000,13:43:32,14210,286,1600,40268400,0,0,0
ru2204,20220218,20220218,134332500,13:43:32,14210,286,1600,40268400,0,0,0
ru2204,20220218,20220218,134333000,13:43:33,14210,286,1600,40268400,0,0,0
ru2204,20220218,20220218,134333500,13:43:34,14210,286,1600,40268400,0,0,0
ru2204,20220218,20220218,134334000,13:43:34,14210,286,1600,40268400,0,0,0
ru2204,20220218,20220218,134334500,13:43:34,14210,286,1600,40268400,0,0,0
ru2204,20220218,20220218,134335000,13:43:35,14210,286,1600,40268400,0,0,0
ru2204,20220218,20220218,134335500,13:43:35,14210,286,1600,40268400,0,0,0
ru2204,20220218,20220218,134336000,13:43:36,14210,286,1600,40268400,0,0,0
ru2204,20220218,20220218,134336500,13:43:37,14210,286,1600,40268400,0,0,0
ru2204,20220218,20220218,134337000,13:43:37,14210,286,1600,40268400,0,0,0
ru2204,20220218,20220218,134337500,13:43:38,14210,286,1600,40268400,0,0,0
ru2204,20220218,20220218,134338000,13:43:38,14210,286,1600,40268400,0,0,0
ru2204,20220218,20220218,134338500,13:43:39,14210,286,1600,40268400,0,0,0
ru2204,20220218,20220218,134339000,13:43:40,14210,286,1600,40268400,0,0,0
ru2204,20220218,20220218,134339500,13:43:55,14210,286,1600,40268400,0,0,0
ru2204,20220218,20220218,134340000,13:43:57,14210,286,1600,40268400,0,0,0
ru2204,20220218,20220218,134340500,13:43:57,14210,286,1600,40268400,0,0,0
ru2204,20220218,20220218,134354500,13:44:04,14210,286,1600,40268400,0,0,0
ru2204,20220218,20220218,134356500,13:44:04,14210,286,1600,40268400,0,0,0
ru2204,20220218,20220218,134357000,13:44:04,14210,286,1600,40268400,0,0,0
ru2204,20220218,20220218,134403500,13:44:04,14210,286,1600,40268400,0,0,0
ru2204,20220218,20220218,134404000,13:44:04,14210,286,1600,40268400,0,0,0
ru2204,20220218,20220218,134404500,13:44:05,14210,286,1600,40268400,0,0,0
ru2204,20220218,20220218,134405000,13:44:05,14210,286,1600,40268400,0,0,0
ru2204,20220218,20220218,134405500,13:44:06,14210,286,1600,40268400,0,0,0
ru2204,20220218,20220218,134406000,13:44:06,14210,286,1600,40268400,0,0,0
ru2204,20220218,20220218,134406500,13:44:06,14210,286,1600,40268400,0,0,0
ru2204,20220218,20220218,134407000,13:44:07,14210,286,1600,40268400,0,0,0
ru2204,20220218,20220218,134407500,13:44:08,14210,286,1600,40268400,0,0,0
ru2204,20220218,20220218,134408000,13:44:08,14210,286,1600,40268400,0,0,0
ru2204,20220218,20220218,134408500,13:44:09,14210,286,1600,40268400,0,0,0
ru2204,20220218,20220218,134409000,13:44:17,14210,286,1600,40268400,0,0,0
ru2204,20220218,20220218,134409500,13:44:17,14210,286,1600,40268400,0,0,0
ru2204,20220218,20220218,134410000,13:44:17,14210,286,1600,40268400,0,0,0
ru2204,20220218,20220218,134410500,13:44:17,14210,286,1600,40268400,0,0,0
ru2204,20220218,20220218,134417000,13:44:18,14210,286,1600,40268400,0,0,0
ru2204,20220218,20220218,134417500,13:44:18,14210,286,1600,40268400,0,0,0
ru2204,20220218,20220218,134418000,13:44:18,14210,286,1600,40268400,0,0,0
ru2204,20220218,20220218,134418500,13:44:19,14210,286,1600,40268400,0,0,0
ru2204,20220218,20220218,134419000,13:44:23,14210,286,1600,40268400,0,0,0
ru2204,20220218,20220218,134419500,13:44:23,14210,286,1600,40268400,0,0,0
ru2204,20220218,20220218,134420000,13:44:23,14210,286,1600,40268400,0,0,0
ru2204,20220218,20220218,134420500,13:44:23,14210,286,1600,40268400,0,0,0
ru2204,20220218,20220218,134423000,13:44:23,14210,286,1600,40268400,0,0,0
ru2204,20220218,20220218,134423500,13:44:24,14210,286,1600,40268400,0,0,0
ru2204,20220218,20220218,134424000,13:44:24,14210,286,1600,40268400,0,0,0
ru2204,20220218,20220218,134424500,13:44:24,14210,286,1600,40268400,0,0,0
ru2204,20220218,20220218,134425000,13:44:25,14210,286,1600,40268400,0,0,0
ru2204,20220218,20220218,134425500,13:44:25,14210,286,1600,40268400,0,0,0
ru2204,20220218,20220218,134426000,13:44:26,14210,286,1600,40268400,0,0,0
ru2204,20220218,20220218,134426500,13:44:26,14210,286,1600,40268400,0,0,0
ru2204,20220218,20220218,134427000,13:44:27,14210,286,1600,40268400,0,0,0
ru2204,20220218,20220218,134427500,13:44:28,14210,286,1600,40268400,0,0,0
ru2204,20220218,20220218,134428000,13:44:29,14210,286,1600,40268400,0,0,0
ru2204,20220218,20220218,134428500,13:44:29,14210,286,1600,40268400,0,0,0
ru2204,20220218,20220218,134429000,13:44:29,14210,286,1600,40268400,0,0,0
ru2204,20220218,20220218,134429500,13:44:37,14210,286,1600,40268400,0,0,0
ru2204,20220218,20220218,134430000,13:44:37,14210,286,1600,40268400,0,0,0
ru2204,20220218,20220218,134430500,13:44:37,14210,286,1600,40268400,0,0,0
ru2204,20220218,20220218,134431000,13:44:37,14210,286,1600,40268400,0,0,0
ru2204,20220218,20220218,134437000,13:44:37,14210,286,1600,40268400,0,0,0
ru2204,20220218,20220218,134437500,13:44:37,14210,286,1600,40268400,0,0,0
ru2204,20220218,20220218,134438000,13:44:38,14210,286,1600,40268400,0,0,0
ru2204,20220218,20220218,134438500,13:44:38,14210,286,1600,40268400,0,0,0
ru2204,20220218,20220218,134439000,13:44:39,14210,286,1600,40268400,0,0,0
ru2204,20220218,20220218,134439500,13:44:39,14210,286,1600,40268400,0,0,0
ru2204,20220218,20220218,134440000,13:44:40,14210,286,1600,40268400,0,0,0
ru2204,20220218,20220218,134440500,13:44:40,14210,286,1600,40268400,0,0,0
ru2204,20220218,20220218,134441000,13:44:41,14210,286,1600,40268400,0,0,0
ru2204,20220218,20220218,134441500,13:44:42,14210,286,1600,40268400,0,0,0
ru2204,20220218,20220218,134442000,13:44:42,14210,286,1600,40268400,0,0,0
ru2204,20220218,20220218,134442500,13:44:43,14210,286,1600,40268400,0,0,0
ru2204,20220218,20220218,134443000,13:44:43,14210,286,1600,40268400,0,0,0
ru2204,20220218,20220218,134443500,13:44:44,14210,286,1600,40268400,0,0,0
ru2204,20220218,20220218,134444000,13:44:44,14210,286,1600,40268400,0,0,0
ru2204,20220218,20220218,134444500,13:44:45,14210,286,1600,40268400,0,0,0
ru2204,20220218,20220218,134445000,13:44:45,14210,286,1600,40268400,0,0,0
ru2204,20220218,20220218,134445500,13:44:45,14210,286,1600,40268400,0,0,0
ru2204,20220218,20220218,134446000,13:44:46,14210,286,1600,40268400,0,0,0
ru2204,20220218,20220218,134446500,13:44:46,14210,286,1600,40268400,0,0,0
ru2204,20220218,20220218,134447000,13:44:47,14210,286,1600,40268400,0,0,0
ru2204,20220218,20220218,134447500,13:44:47,14210,286,1600,40268400,0,0,0
ru2204,20220218,20220218,134448000,13:44:48,14210,286,1600,40268400,0,0,0
ru2204,20220218,20220218,134448500,13:44:48,14210,286,1600,40268400,0,0,0
ru2204,20220218,20220218,134449000,13:44:49,14210,286,1600,40268400,0,0,0
ru2204,20220218,20220218,134449500,13:44:50,14210,286,1600,40268400,0,0,0
ru2204,20220218,20220218,134450000,13:44:50,14210,286,1600,40268400,0,0,0
ru2204,20220218,20220218,134450500,13:44:50,14210,286,1600,40268400,0,0,0
ru2204,20220218,20220218,134451000,13:44:51,14210,286,1600,40268400,0,0,0
ru2204,20220218,20220218,134451500,13:44:52,14210,286,1600,40268400,0,0,0
ru2204,20220218,20220218,134452000,13:44:53,14210,286,1600,40268400,0,0,0
ru2204,20220218,20220218,134452500,13:44:53,14210,286,1600,40268400,0,0,0
ru2204,20220218,20220218,134453000,13:44:53,14210,286,1600,40268400,0,0,0
ru2204,20220218,20220218,134453500,13:44:54,14210,286,1600,40268400,0,0,0
ru2204,20220218,20220218,134454000,13:44:54,14210,286,1600,40268400,0,0,0
ru2204,20220218,20220218,134454500,13:44:55,14210,286,1600,40268400,0,0,0
ru2204,20220218,20220218,134455000,13:44:55,14210,286,1600,40268400,0,0,0
ru2204,20220218,20220218,134455500,13:44:56,14210,286,1600,40268400,0,0,0
ru2204,20220218,20220218,134456000,13:44:56,14210,286,1600,40268400,0,0,0
ru2204,20220218,20220218,134456500,13:44:56,14210,286,1600,40268400,0,0,0
ru2204,20220218,20220218,134457000,13:44:57,14210,286,1600,40268400,0,0,0
ru2204,20220218,20220218,134457500,13:44:57,14210,286,1600,40268400,0,0,0
ru2204,20220218,20220218,134458000,13:44:58,14210,286,1600,40268400,0,0,0
ru2204,20220218,20220218,134458500,13:44:59,14210,286,1600,40268400,0,0,0
ru2204,20220218,20220218,134459000,13:44:59,14210,286,1600,40268400,0,0,0
ru2204,20220218,20220218,134459500,13:44:59,14210,286,1600,40268400,0,0,0
ru2204,20220218,20220218,134500000,13:45:00,14210,286,1600,40268400,0,0,0
ru2204,20220218,20220218,134500500,13:45:01,14210,286,1600,40268400,0,0,0
ru2204,20220218,20220218,134501000,13:45:01,14210,286,1600,40268400,0,0,0
ru2204,20220218,20220218,134501500,13:45:02,14210,286,1600,40268400,0,0,0
ru2204,20220218,20220218,134502000,13:45:02,14210,286,1600,40268400,0,0,0
ru2204,20220218,20220218,134502500,13:45:03,14210,286,1600,40268400,0,0,0
ru2204,20220218,20220218,134503000,13:45:03,14210,286,1600,40268400,0,0,0
ru2204,20220218,20220218,134503500,13:45:06,14210,286,1600,40268400,0,0,0
ru2204,20220218,20220218,134504000,13:45:08,14210,286,1600,40268400,0,0,0
ru2204,20220218,20220218,134504500,13:45:09,14210,286,1600,40268400,0,0,0
ru2204,20220218,20220218,134508000,13:45:09,14210,286,1600,40268400,0,0,0
ru2204,20220218,20220218,134508500,13:45:09,14210,286,1600,40268400,0,0,0
ru2204,20220218,20220218,134509000,13:45:10,14210,286,1600,40268400,0,0,0
ru2204,20220218,20220218,134509500,13:45:10,14210,286,1600,40268400,0,0,0
ru2204,20220218,20220218,134510000,13:45:10,14210,286,1600,40268400,0,0,0
ru2204,20220218,20220218,134510500,13:45:11,14210,286,1600,40268400,0,0,0
ru2204,20220218,20220218,134511000,13:45:11,14210,286,1600,40268400,0,0,0
ru2204,20220218,20220218,134511500,13:45:11,14210,286,1600,40268400,0,0,0
ru2204,20220218,20220218,134512000,13:45:12,14210,286,1600,40268400,0,0,0
ru2204,20220218,20220218,134512500,13:45:13,14210,286,1600,40268400,0,0,0
ru2204,20220218,20220218,134513000,13:45:13,14210,286,1600,40268400,0,0,0
ru2204,20220218,20220218,134513500,13:45:14,14210,286,1600,40268400,0,0,0
ru2204,20220218,20220218,134514000,13:45:15,14210,286,1600,40268400,0,0,0
ru2204,20220218,20220218,134514500,13:45:16,14210,286,1600,40268400,0,0,0
ru2204,20220218,20220218,134515000,13:45:16,14210,286,1600,40268400,0,0,0
ru2204,20220218,20220218,134515500,13:45:17,14210,286,1600,40268400,0,0,0
ru2204,20220218,20220218,134516000,13:45:17,14210,286,1600,40268400,0,0,0
ru2204,20220218,20220218,134516500,13:45:17,14210,286,1600,40268400,0,0,0
ru2204,20220218,20220218,134517000,13:45:20,14210,286,1600,40268400,0,0,0
ru2204,20220218,20220218,134517500,13:45:20,14210,286,1600,40268400,0,0,0
ru2204,20220218,20220218,134518000,13:45:21,14210,286,1600,40268400,0,0,0
ru2204,20220218,20220218,134520500,13:45:23,14210,286,1600,40268400,0,0,0
ru2204,20220218,20220218,134521000,13:45:23,14210,286,1600,40268400,0,0,0
ru2204,20220218,20220218,134521500,13:45:23,14210,286,1600,40268400,0,0,0
ru2204,20220218,20220218,134523000,13:45:24,14210,286,1600,40268400,0,0,0
ru2204,20220218,20220218,134523500,13:45:24,14210,286,1600,40268400,0,0,0
ru2204,20220218,20220218,134524000,13:45:24,14210,286,1600,40268400,0,0,0
ru2204,20220218,20220218,134524500,13:45:25,14210,286,1600,40268400,0,0,0
ru2204,20220218,20220218,134525000,13:45:27,14210,286,1600,40268400,0,0,0
ru2204,20220218,20220218,134525500,13:45:27,14210,286,1600,40268400,0,0,0
ru2204,20220218,20220218,134526000,13:45:28,14210,286,1600,40268400,0,0,0
ru2204,20220218,20220218,134526500,13:45:29,14210,286,1600,40268400,0,0,0
ru2204,20220218,20220218,134527000,13:45:30,14210,286,1600,40268400,0,0,0
ru2204,20220218,20220218,134527500,13:45:30,14210,286,1600,40268400,0,0,0
ru2204,20220218,20220218,134528000,13:45:30,14210,286,1600,40268400,0,0,0
ru2204,20220218,20220218,134529500,13:45:30,14210,286,1600,40268400,0,0,0
ru2204,20220218,20220218,134530000,13:45:30,14210,286,1600,40268400,0,0,0
ru2204,20220218,20220218,134530500,13:45:31,14210,286,1600,40268400,0,0,0
ru2204,20220218,20220218,134531000,13:45:31,14210,286,1600,40268400,0,0,0
ru2204,20220218,20220218,134531500,13:45:32,14210,286,1600,40268400,0,0,0
ru2204,20220218,20220218,134532000,13:45:32,14210,286,1600,40268400,0,0,0
ru2204,20220218,20220218,134532500,13:45:33,14210,286,1600,40268400,0,0,0
ru2204,20220218,20220218,134533000,13:45:33,14210,286,1600,40268400,0,0,0
ru2204,20220218,20220218,134533500,13:45:34,14210,286,1600,40268400,0,0,0
ru2204,20220218,20220218,134534000,13:45:35,14210,286,1600,40268400,0,0,0
ru2204,20220218,20220218,134534500,13:45:35,14210,286,1600,40268400,0,0,0
ru2204,20220218,20220218,134535000,13:45:35,14210,286,1600,40268400,0,0,0
ru2204,20220218,20220218,134535500,13:45:35,14210,286,1600,40268400,0,0,0
ru2204,20220218,20220218,134536000,13:45:37,14210,286,1600,40268400,0,0,0
ru2204,20220218,20220218,134536500,13:45:37,14210,286,1600,40268400,0,0,0
ru2204,20220218,20220218,134537000,13:45:37,14210,286,1600,40268400,0,0,0
ru2204,20220218,20220218,134537500,13:45:38,14210,286,1600,40268400,0,0,0
ru2204,20220218,20220218,134538000,13:45:38,14210,286,1600,40268400,0,0,0
ru2204,20220218,20220218,134538500,13:45:39,14210,286,1600,40268400,0,0,0
ru2204,20220218,20220218,134539000,13:45:40,14210,286,1600,40268400,0,0,0
ru2204,20220218,20220218,134539500,13:45:40,14210,286,1600,40268400,0,0,0
ru2204,20220218,20220218,134540000,13:45:40,14210,286,1600,40268400,0,0,0
ru2204,20220218,20220218,134540500,13:45:40,14210,286,1600,40268400,0,0,0
ru2204,20220218,20220218,134541000,13:45:41,14210,286,1600,40268400,0,0,0
ru2204,20220218,20220218,134541500,13:45:41,14210,286,1600,40268400,0,0,0
ru2204,20220218,20220218,134542000,13:45:45,14210,286,1600,40268400,0,0,0
ru2204,20220218,20220218,134542500,13:45:45,14210,286,1600,40268400,0,0,0
ru2204,20220218,20220218,134543000,13:45:46,14210,286,1600,40268400,0,0,0
ru2204,20220218,20220218,134545500,13:45:46,14210,286,1600,40268400,0,0,0
ru2204,20220218,20220218,134546000,13:45:47,14210,286,1600,40268400,0,0,0
ru2204,20220218,20220218,134546500,13:45:47,14210,286,1600,40268400,0,0,0
ru2204,20220218,20220218,134547000,13:45:47,14210,286,1600,40268400,0,0,0
ru2204,20220218,20220218,134547500,13:45:47,14210,286,1600,40268400,0,0,0
ru2204,20220218,20220218,134548000,13:45:48,14210,286,1600,40268400,0,0,0
ru2204,20220218,20220218,134548500,13:45:48,14210,286,1600,40268400,0,0,0
ru2204,20220218,20220218,134549000,13:45:49,14210,286,1600,40268400,0,0,0
ru2204,20220218,20220218,134549500,13:45:53,14210,286,1600,40268400,0,0,0
ru2204,20220218,20220218,134550000,13:45:53,14210,286,1600,40268400,0,0,0
ru2204,20220218,20220218,134550500,13:45:54,14210,286,1600,40268400,0,0,0
ru2204,20220218,20220218,134553500,13:45:54,14210,286,1600,40268400,0,0,0
ru2204,20220218,20220218,134554000,13:45:54,14210,286,1600,40268400,0,0,0
ru2204,20220218,20220218,134554500,13:45:55,14210,286,1600,40268400,0,0,0
ru2204,20220218,20220218,134555000,13:45:56,14210,286,1600,40268400,0,0,0
ru2204,20220218,20220218,134555500,13:45:57,14210,286,1600,40268400,0,0,0
ru2204,20220218,20220218,134556000,13:46:00,14210,286,1600,40268400,0,0,0
ru2204,20220218,20220218,134556500,13:46:00,14210,286,1600,40268400,0,0,0
ru2204,20220218,20220218,134557000,13:46:01,14210,286,1600,40268400,0,0,0
ru2204,20220218,20220218,134600000,13:46:01,14210,286,1600,40268400,0,0,0
ru2204,20220218,20220218,134600500,13:46:01,14210,286,1600,40268400,0,0,0
ru2204,20220218,20220218,134601000,13:46:02,14210,286,1600,40268400,0,0,0
ru2204,20220218,20220218,134601500,13:46:02,14210,286,1600,40268400,0,0,0
ru2204,20220218,20220218,134602000,13:46:02,14210,286,1600,40268400,0,0,0
ru2204,20220218,20220218,134602500,13:46:04,14210,286,1600,40268400,0,0,0
ru2204,20220218,20220218,134603000,13:46:04,14210,286,1600,40268400,0,0,0
ru2204,20220218,20220218,134603500,13:46:04,14210,286,1600,40268400,0,0,0
ru2204,20220218,20220218,134604000,13:46:05,14210,286,1600,40268400,0,0,0
ru2204,20220218,20220218,134604500,13:46:05,14210,286,1600,40268400,0,0,0
ru2204,20220218,20220218,134605000,13:46:05,14210,286,1600,40268400,0,0,0
ru2204,20220218,20220218,134605500,13:46:05,14210,286,1600,40268400,0,0,0
ru2204,20220218,20220218,134606000,13:46:06,14210,286,1600,40268400,0,0,0
ru2204,20220218,20220218,134606500,13:46:07,14210,286,1600,40268400,0,0,0
ru2204,20220218,20220218,134607000,13:46:07,14210,286,1600,40268400,0,0,0
ru2204,20220218,20220218,134607500,13:46:07,14210,286,1600,40268400,0,0,0
ru2204,20220218,20220218,134608000,13:46:09,14210,286,1600,40268400,0,0,0
ru2204,20220218,20220218,134608500,13:46:09,14210,286,1600,40268400,0,0,0
ru2204,20220218,20220218,134609000,13:46:09,14210,286,1600,40268400,0,0,0
ru2204,20220218,20220218,134609500,13:46:10,14210,286,1600,40268400,0,0,0
ru2204,20220218,20220218,134610000,13:46:11,14210,286,1600,40268400,0,0,0
ru2204,20220218,20220218,134610500,13:46:11,14210,286,1600,40268400,0,0,0
ru2204,20220218,20220218,134611000,13:46:11,14210,286,1600,40268400,0,0,0
ru2204,20220218,20220218,134611500,13:46:11,14210,286,1600,40268400,0,0,0
ru2204,20220218,20220218,134612000,13:46:13,14210,286,1600,40268400,0,0,0
ru2204,20220218,20220218,134612500,13:46:13,14210,286,1600,40268400,0,0,0
ru2204,20220218,20220218,134613000,13:46:13,14210,286,1600,40268400,0,0,0
ru2204,20220218,20220218,134613500,13:46:14,14210,286,1600,40268400,0,0,0
ru2204,20220218,20220218,134614000,13:46:14,14210,286,1600,40268400,0,0,0
ru2204,20220218,20220218,134614500,13:46:15,14210,286,1600,40268400,0,0,0
ru2204,20220218,20220218,134615000,13:46:15,14210,286,1600,40268400,0,0,0
ru2204,20220218,20220218,134615500,13:46:17,14210,286,1600,40268400,0,0,0
ru2204,20220218,20220218,134616000,13:46:17,14210,286,1600,40268400,0,0,0
ru2204,20220218,20220218,134616500,13:46:18,14210,286,1600,40268400,0,0,0
ru2204,20220218,20220218,134617500,13:46:18,14210,286,1600,40268400,0,0,0
ru2204,20220218,20220218,134618000,13:46:18,14210,286,1600,40268400,0,0,0
ru2204,20220218,20220218,134618500,13:46:18,14210,286,1600,40268400,0,0,0
ru2204,20220218,20220218,134619000,13:46:19,14210,286,1600,40268400,0,0,0
ru2204,20220218,20220218,134619500,13:46:19,14210,286,1600,40268400,0,0,0
ru2204,20220218,20220218,134620000,13:46:20,14210,286,1600,40268400,0,0,0
ru2204,20220218,20220218,134620500,13:46:21,14210,286,1600,40268400,0,0,0
ru2204,20220218,20220218,134621000,13:46:21,14210,286,1600,40268400,0,0,0
ru2204,20220218,20220218,134621500,13:46:23,14210,286,1600,40268400,0,0,0
ru2204,20220218,20220218,134622000,13:46:30,14210,286,1600,40268400,0,0,0
ru2204,20220218,20220218,134622500,13:46:30,14210,286,1600,40268400,0,0,0
ru2204,20220218,20220218,134623000,13:46:30,14210,286,1600,40268400,0,0,0
ru2204,20220218,20220218,134630000,13:46:31,14210,286,1600,40268400,0,0,0
ru2204,20220218,20220218,134630500,13:46:31,14210,286,1600,40268400,0,0,0
ru2204,20220218,20220218,134631000,13:46:31,14210,286,1600,40268400,0,0,0
ru2204,20220218,20220218,134631500,13:46:32,14210,286,1600,40268400,0,0,0
ru2204,20220218,20220218,134632000,13:46:32,14210,286,1600,40268400,0,0,0
ru2204,20220218,20220218,134632500,13:46:33,14210,286,1600,40268400,0,0,0
ru2204,20220218,20220218,134633000,13:46:33,14210,286,1600,40268400,0,0,0
ru2204,20220218,20220218,134633500,13:46:33,14210,286,1600,40268400,0,0,0
ru2204,20220218,20220218,134634000,13:46:34,14210,286,1600,40268400,0,0,0
ru2204,20220218,20220218,134634500,13:46:35,14210,286,1600,40268400,0,0,0
ru2204,20220218,20220218,134635000,13:46:35,14210,286,1600,40268400,0,0,0
ru2204,20220218,20220218,134635500,13:46:36,14210,286,1600,40268400,0,0,0
ru2204,20220218,20220218,134636000,13:46:37,14210,286,1600,40268400,0,0,0
ru2204,20220218,20220218,134636500,13:46:37,14210,286,1600,40268400,0,0,0
ru2204,20220218,20220218,134637000,13:46:37,14210,286,1600,40268400,0,0,0
ru2204,20220218,20220218,134637500,13:46:38,14210,286,1600,40268400,0,0,0
ru2204,20220218,20220218,134638000,13:46:38,14210,286,1600,40268400,0,0,0
ru2204,20220218,20220218,134638500,13:46:38,14210,286,1600,40268400,0,0,0
ru2204,20220218,20220218,134639000,13:46:39,14210,286,1600,40268400,0,0,0
ru2204,20220218,20220218,134639500,13:46:40,14210,286,1600,40268400,0,0,0
ru2204,20220218,20220218,134640000,13:46:41,14210,286,1600,40268400,0,0,0
ru2204,20220218,20220218,134640500,13:46:42,14210,286,1600,40268400,0,0,0
ru2204,20220218,20220218,134641000,13:46:42,14210,286,1600,40268400,0,0,0
ru2204,20220218,20220218,134641500,13:46:43,14210,286,1600,40268400,0,0,0
ru2204,20220218,20220218,134642500,13:46:43,14210,286,1600,40268400,0,0,0
ru2204,20220218,20220218,134643000,13:46:43,14210,286,1600,40268400,0,0,0
ru2204,20220218,20220218,134643500,13:46:44,14210,286,1600,40268400,0,0,0
ru2204,20220218,20220218,134644000,13:46:46,14210,286,1600,40268400,0,0,0
ru2204,20220218,20220218,134644500,13:46:47,14210,286,1600,40268400,0,0,0
ru2204,20220218,20220218,134645000,13:46:47,14210,286,1600,40268400,0,0,0
ru2204,20220218,20220218,134647500,13:46:47,14210,286,1600,40268400,0,0,0
ru2204,20220218,20220218,134648000,13:46:48,14210,286,1600,40268400,0,0,0
ru2204,20220218,20220218,134648500,13:46:48,14210,286,1600,40268400,0,0,0
ru2204,20220218,20220218,134649000,13:46:49,14210,286,1600,40268400,0,0,0
ru2204,20220218,20220218,134649500,13:46:50,14210,286,1600,40268400,0,0,0
ru2204,20220218,20220218,134650000,13:46:50,14210,286,1600,40268400,0,0,0
ru2204,20220218,20220218,134650500,13:46:51,14210,286,1600,40268400,0,0,0
ru2204,20220218,20220218,134651000,13:46:51,14210,286,1600,40268400,0,0,0
ru2204,20220218,20220218,134651500,13:46:51,14210,286,1600,40268400,0,0,0
ru2204,20220218,20220218,134652000,13:46:52,14210,286,1600,40268400,0,0,0
ru2204,20220218,20220218,134652500,13:46:53,14210,286,1600,40268400,0,0,0
ru2204,20220218,20220218,134653000,13:46:54,14210,286,1600,40268400,0,0,0
ru2204,20220218,20220218,134653500,13:46:54,14210,286,1600,40268400,0,0,0
ru2204,20220218,20220218,134654000,13:46:55,14210,286,1600,40268400,0,0,0
ru2204,20220218,20220218,134654500,13:46:55,14210,286,1600,40268400,0,0,0
ru2204,20220218,20220218,134655000,13:46:55,14210,286,1600,40268400,0,0,0
ru2204,20220218,20220218,134655500,13:46:55,14210,286,1600,40268400,0,0,0
ru2204,20220218,20220218,134656000,13:46:56,14210,286,1600,40268400,0,0,0
ru2204,20220218,20220218,134656500,13:46:56,14210,286,1600,40268400,0,0,0
ru2204,20220218,20220218,134657000,13:46:57,14210,286,1600,40268400,0,0,0
ru2204,20220218,20220218,134657500,13:46:57,14210,286,1600,40268400,0,0,0
ru2204,20220218,20220218,134658000,13:46:58,14210,286,1600,40268400,0,0,0
ru2204,20220218,20220218,134658500,13:46:59,14210,286,1600,40268400,0,0,0
ru2204,20220218,20220218,134659000,13:46:59,14210,286,1600,40268400,0,0,0
ru2204,20220218,20220218,134659500,13:46:59,14210,286,1600,40268400,0,0,0
ru2204,20220218,20220218,134700000,13:47:00,14210,286,1600,40268400,0,0,0
ru2204,20220218,20220218,134700500,13:47:00,14210,286,1600,40268400,0,0,0
ru2204,20220218,20220218,134701000,13:47:01,14210,286,1600,40268400,0,0,0
ru2204,20220218,20220218,134701500,13:47:02,14210,286,1600,40268400,0,0,0
ru2204,20220218,20220218,134702000,13:47:02,14210,286,1600,40268400,0,0,0
ru2204,20220218,20220218,134702500,13:47:02,14210,286,1600,40268400,0,0,0
ru2204,20220218,20220218,134703000,13:47:03,14210,286,1600,40268400,0,0,0
ru2204,20220218,20220218,134703500,13:47:03,14210,286,1600,40268400,0,0,0
ru2204,20220218,20220218,134704000,13:47:04,14210,286,1600,40268400,0,0,0
ru2204,20220218,20220218,134704500,13:47:05,14210,286,1600,40268400,0,0,0
ru2204,20220218,20220218,134705000,13:47:05,14210,286,1600,40268400,0,0,0
ru2204,20220218,20220218,134705500,13:47:06,14210,286,1600,40268400,0,0,0
ru2204,20220218,20220218,134706000,13:47:10,14210,286,1600,40268400,0,0,0
ru2204,20220218,20220218,134706500,13:47:10,14210,286,1600,40268400,0,0,0
ru2204,20220218,20220218,134707000,13:47:10,14210,286,1600,40268400,0,0,0
ru2204,20220218,20220218,134707500,13:47:11,14210,286,1600,40268400,0,0,0
ru2204,20220218,20220218,134709500,13:47:11,14210,286,1600,40268400,0,0,0
ru2204,20220218,20220218,134710000,13:47:11,14210,286,1600,40268400,0,0,0
ru2204,20220218,20220218,134710500,13:47:12,14210,286,1600,40268400,0,0,0
ru2204,20220218,20220218,134711000,13:47:16,14210,286,1600,40268400,0,0,0
ru2204,20220218,20220218,134711500,13:47:16,14210,286,1600,40268400,0,0,0
ru2204,20220218,20220218,134712000,13:47:16,14210,286,1600,40268400,0,0,0
ru2204,20220218,20220218,134716500,13:47:17,14210,286,1600,40268400,0,0,0
ru2204,20220218,20220218,134717000,13:47:17,14210,286,1600,40268400,0,0,0
ru2204,20220218,20220218,134717500,13:47:19,14210,286,1600,40268400,0,0,0
ru2204,20220218,20220218,134718000,13:47:19,14210,286,1600,40268400,0,0,0
ru2204,20220218,20220218,134718500,13:47:19,14210,286,1600,40268400,0,0,0
ru2204,20220218,20220218,134719000,13:47:19,14210,286,1600,40268400,0,0,0
ru2204,20220218,20220218,134719500,13:47:19,14210,286,1600,40268400,0,0,0
ru2204,20220218,20220218,134720000,13:47:20,14210,286,1600,40268400,0,0,0
ru2204,20220218,20220218,134720500,13:47:21,14210,286,1600,40268400,0,0,0
ru2204,20220218,20220218,134721000,13:47:22,14210,286,1600,40268400,0,0,0
ru2204,20220218,20220218,134721500,13:47:22,14210,286,1600,40268400,0,0,0
ru2204,20220218,20220218,134722000,13:47:26,14210,286,1600,40268400,0,0,0
ru2204,20220218,20220218,134722500,13:47:26,14210,286,1600,40268400,0,0,0
ru2204,20220218,20220218,134723000,13:47:26,14210,286,1600,40268400,0,0,0
ru2204,20220218,20220218,134723500,13:47:27,14210,286,1600,40268400,0,0,0
ru2204,20220218,20220218,134726500,13:47:27,14210,286,1600,40268400,0,0,0
ru2204,20220218,20220218,134727000,13:47:27,14210,286,1600,40268400,0,0,0
ru2204,20220218,20220218,134727500,13:47:28,14210,286,1600,40268400,0,0,0
ru2204,20220218,20220218,134728000,13:47:28,14210,286,1600,40268400,0,0,0
ru2204,20220218,20220218,134728500,13:47:28,14210,286,1600,40268400,0,0,0
ru2204,20220218,20220218,134729000,13:47:29,14210,286,1600,40268400,0,0,0
ru2204,20220218,20220218,134729500,13:47:29,14210,286,1600,40268400,0,0,0
ru2204,20220218,20220218,134730000,13:47:30,14210,286,1600,40268400,0,0,0
ru2204,20220218,20220218,134730500,13:47:30,14210,286,1600,40268400,0,0,0
ru2204,20220218,20220218,134731000,13:47:31,14210,286,1600,40268400,0,0,0
ru2204,20220218,20220218,134731500,13:47:31,14210,286,1600,40268400,0,0,0
ru2204,20220218,20220218,134732000,13:47:32,14210,286,1600,40268400,0,0,0
ru2204,20220218,20220218,134732500,13:47:33,14210,286,1600,40268400,0,0,0
ru2204,20220218,20220218,134733000,13:47:34,14210,286,1600,40268400,0,0,0
ru2204,20220218,20220218,134733500,13:47:34,14210,286,1600,40268400,0,0,0
ru2204,20220218,20220218,134734000,13:47:35,14210,286,1600,40268400,0,0,0
ru2204,20220218,20220218,134734500,13:47:36,14210,286,1600,40268400,0,0,0
ru2204,20220218,20220218,134735000,13:47:36,14210,286,1600,40268400,0,0,0
ru2204,20220218,20220218,134735500,13:47:36,14210,286,1600,40268400,0,0,0
ru2204,20220218,20220218,134736000,13:47:36,14210,286,1600,40268400,0,0,0
ru2204,20220218,20220218,134736500,13:47:37,14210,286,1600,40268400,0,0,0
ru2204,20220218,20220218,134737000,13:47:37,14210,286,1600,40268400,0,0,0
ru2204,20220218,20220218,134737500,13:47:38,14210,286,1600,40268400,0,0,0
ru2204,20220218,20220218,134738000,13:47:38,14210,286,1600,40268400,0,0,0
ru2204,20220218,20220218,134738500,13:47:39,14210,286,1600,40268400,0,0,0
ru2204,20220218,20220218,134739000,13:47:39,14210,286,1600,40268400,0,0,0
ru2204,20220218,20220218,134739500,13:47:40,14210,286,1600,40268400,0,0,0
ru2204,20220218,20220218,134740000,13:47:40,14210,286,1600,40268400,0,0,0
ru2204,20220218,20220218,134740500,13:47:40,14210,286,1600,40268400,0,0,0
ru2204,20220218,20220218,134741000,13:47:41,14210,286,1600,40268400,0,0,0
ru2204,20220218,20220218,134741500,13:47:42,14210,286,1600,40268400,0,0,0
ru2204,20220218,20220218,134742000,13:47:42,14210,286,1600,40268400,0,0,0
ru2204,20220218,20220218,134742500,13:47:42,14210,286,1600,40268400,0,0,0
ru2204,20220218,20220218,134743000,13:47:43,14210,286,1600,40268400,0,0,0
ru2204,20220218,20220218,134743500,13:47:44,14210,286,1600,40268400,0,0,0
ru2204,20220218,20220218,134744000,13:47:44,14210,286,1600,40268400,0,0,0
ru2204,20220218,20220218,134744500,13:47:45,14210,286,1600,40268400,0,0,0
ru2204,20220218,20220218,134745000,13:47:45,14210,286,1600,40268400,0,0,0
ru2204,20220218,20220218,134745500,13:47:46,14210,286,1600,40268400,0,0,0
ru2204,20220218,20220218,134746000,13:47:47,14210,286,1600,40268400,0,0,0
ru2204,20220218,20220218,134746500,13:47:47,14210,286,1600,40268400,0,0,0
ru2204,20220218,20220218,134747000,13:47:47,14210,286,1600,40268400,0,0,0
ru2204,20220218,20220218,134747500,13:47:47,14210,286,1600,40268400,0,0,0
ru2204,20220218,20220218,134748000,13:47:48,14210,286,1600,40268400,0,0,0
ru2204,20220218,20220218,134749000,13:47:50,14210,286,1600,40268400,0,0,0
ru2204,20220218,20220218,134749500,13:47:50,14210,286,1600,40268400,0,0,0
ru2204,20220218,20220218,134750500,13:47:50,14210,286,1600,40268400,0,0,0
ru2204,20220218,20220218,134751000,13:47:51,14210,286,1600,40268400,0,0,0
ru2204,20220218,20220218,134754500,13:47:54,14210,286,1600,40268400,0,0,0
ru2204,20220218,20220218,134756000,13:47:56,14210,286,1600,40268400,0,0,0
ru2204,20220218,20220218,134756500,13:47:56,14210,286,1600,40268400,0,0,0
ru2204,20220218,20220218,134758000,13:47:58,14210,286,1600,40268400,0,0,0
ru2204,20220218,20220218,134759500,13:48:00,14210,286,1600,40268400,0,0,0
ru2204,20220218,20220218,134800500,13:48:00,14210,286,1600,40268400,0,0,0
ru2204,20220218,20220218,134802500,13:48:02,14210,286,1600,40268400,0,0,0
ru2204,20220218,20220218,134805500,13:48:05,14210,286,1600,40268400,0,0,0
ru2204,20220218,20220218,134806000,13:48:06,14210,286,1600,40268400,0,0,0
ru2204,20220218,20220218,134807000,13:48:07,14210,286,1600,40268400,0,0,0
ru2204,20220218,20220218,134808000,13:48:08,14210,286,1600,40268400,0,0,0
ru2204,20220218,20220218,134809000,13:48:09,14210,286,1600,40268400,0,0,0
ru2204,20220218,20220218,134810500,13:48:10,14210,286,1600,40268400,0,0,0
ru2204,20220218,20220218,134811500,13:48:11,14210,286,1600,40268400,0,0,0
ru2204,20220218,20220218,134813500,13:48:13,14210,286,1600,40268400,0,0,0
ru2204,20220218,20220218,134816500,13:48:16,14210,286,1600,40268400,0,0,0
ru2204,20220218,20220218,134817000,13:48:18,14210,286,1600,40268400,0,0,0
ru2204,20220218,20220218,134817500,13:48:19,14210,286,1600,40268400,0,0,0
ru2204,20220218,20220218,134818000,13:48:19,14210,286,1600,40268400,0,0,0
ru2204,20220218,20220218,134818500,13:48:20,14210,286,1600,40268400,0,0,0
ru2204,20220218,20220218,134819000,13:48:20,14210,286,1600,40268400,0,0,0
ru2204,20220218,20220218,134819500,13:48:20,14210,286,1600,40268400,0,0,0
ru2204,20220218,20220218,134820000,13:48:22,14210,286,1600,40268400,0,0,0
ru2204,20220218,20220218,134820500,13:48:22,14210,286,1600,40268400,0,0,0
ru2204,20220218,20220218,134821000,13:48:22,14210,286,1600,40268400,0,0,0
ru2204,20220218,20220218,134821500,13:48:23,14210,286,1600,40268400,0,0,0
ru2204,20220218,20220218,134822000,13:48:23,14210,286,1600,40268400,0,0,0
ru2204,20220218,20220218,134822500,13:48:23,14210,286,1600,40268400,0,0,0
ru2204,20220218,20220218,134823000,13:48:23,14210,286,1600,40268400,0,0,0
ru2204,20220218,20220218,134823500,13:48:24,14210,286,1600,40268400,0,0,0
ru2204,20220218,20220218,134824000,13:48:24,14210,286,1600,40268400,0,0,0
ru2204,20220218,20220218,134824500,13:48:24,14210,286,1600,40268400,0,0,0
ru2204,20220218,20220218,134825000,13:48:25,14210,286,1600,40268400,0,0,0
ru2204,20220218,20220218,134825500,13:48:27,14210,286,1600,40268400,0,0,0
ru2204,20220218,20220218,134826000,13:48:27,14210,286,1600,40268400,0,0,0
ru2204,20220218,20220218,134826500,13:48:27,14210,286,1600,40268400,0,0,0
ru2204,20220218,20220218,134827000,13:48:28,14210,286,1600,40268400,0,0,0
ru2204,20220218,20220218,134827500,13:48:28,14210,286,1600,40268400,0,0,0
ru2204,20220218,20220218,134828000,13:48:28,14210,286,1600,40268400,0,0,0
ru2204,20220218,20220218,134828500,13:48:29,14210,286,1600,40268400,0,0,0
ru2204,20220218,20220218,134829000,13:48:29,14210,286,1600,40268400,0,0,0
ru2204,20220218,20220218,134829500,13:48:30,14210,286,1600,40268400,0,0,0
ru2204,20220218,20220218,134830000,13:48:30,14210,286,1600,40268400,0,0,0
ru2204,20220218,20220218,134830500,13:48:31,14210,286,1600,40268400,0,0,0
ru2204,20220218,20220218,134831000,13:48:32,14210,286,1600,40268400,0,0,0
ru2204,20220218,20220218,134831500,13:48:32,14210,286,1600,40268400,0,0,0
ru2204,20220218,20220218,134832000,13:48:32,14210,286,1600,40268400,0,0,0
ru2204,20220218,20220218,134832500,13:48:32,14210,286,1600,40268400,0,0,0
ru2204,20220218,20220218,134833000,13:48:33,14210,286,1600,40268400,0,0,0
ru2204,20220218,20220218,134833500,13:48:34,14210,286,1600,40268400,0,0,0
ru2204,20220218,20220218,134834000,13:48:36,14210,286,1600,40268400,0,0,0
ru2204,20220218,20220218,134834500,13:48:36,14210,286,1600,40268400,0,0,0
ru2204,20220218,20220218,134835000,13:48:36,14210,286,1600,40268400,0,0,0
ru2204,20220218,20220218,134835500,13:48:37,14210,286,1600,40268400,0,0,0
ru2204,20220218,20220218,134836000,13:48:37,14210,286,1600,40268400,0,0,0
ru2204,20220218,20220218,134836500,13:48:37,14210,286,1600,40268400,0,0,0
ru2204,20220218,20220218,134837000,13:48:37,14210,286,1600,40268400,0,0,0
ru2204,20220218,20220218,134837500,13:48:37,14210,286,1600,40268400,0,0,0
ru2204,20220218,20220218,134838000,13:48:38,14210,286,1600,40268400,0,0,0
ru2204,20220218,20220218,134838500,13:48:38,14210,286,1600,40268400,0,0,0
ru2204,20220218,20220218,134839000,13:48:39,14210,286,1600,40268400,0,0,0
ru2204,20220218,20220218,134839500,13:48:39,14210,286,1600,40268400,0,0,0
ru2204,20220218,20220218,134840000,13:48:40,14210,286,1600,40268400,0,0,0
ru2204,20220218,20220218,134840500,13:48:40,14210,286,1600,40268400,0,0,0
ru2204,20220218,20220218,134841000,13:48:41,14210,286,1600,40268400,0,0,0
ru2204,20220218,20220218,134841500,13:48:42,14210,286,1600,40268400,0,0,0
ru2204,20220218,20220218,134842000,13:48:42,14210,286,1600,40268400,0,0,0
ru2204,20220218,20220218,134842500,13:48:42,14210,286,1600,40268400,0,0,0
ru2204,20220218,20220218,134843000,13:48:43,14210,286,1600,40268400,0,0,0
ru2204,20220218,20220218,134843500,13:48:43,14210,286,1600,40268400,0,0,0
ru2204,20220218,20220218,134844000,13:48:44,14210,286,1600,40268400,0,0,0
ru2204,20220218,20220218,134844500,13:48:44,14210,286,1600,40268400,0,0,0
ru2204,20220218,20220218,134845000,13:48:45,14210,286,1600,40268400,0,0,0
ru2204,20220218,20220218,134845500,13:48:45,14210,286,1600,40268400,0,0,0
ru2204,20220218,20220218,134846000,13:48:46,14210,286,1600,40268400,0,0,0
ru2204,20220218,20220218,134846500,13:48:46,14210,286,1600,40268400,0,0,0
ru2204,20220218,20220218,134847000,13:48:47,14210,286,1600,40268400,0,0,0
ru2204,20220218,20220218,134847500,13:48:47,14210,286,1600,40268400,0,0,0
ru2204,20220218,20220218,134848000,13:48:48,14210,286,1600,40268400,0,0,0
ru2204,20220218,20220218,134848500,13:48:48,14210,286,1600,40268400,0,0,0
ru2204,20220218,20220218,134849000,13:48:49,14210,286,1600,40268400,0,0,0
ru2204,20220218,20220218,134849500,13:48:49,14210,286,1600,40268400,0,0,0
ru2204,20220218,20220218,134850000,13:48:50,14210,286,1600,40268400,0,0,0
ru2204,20220218,20220218,134850500,13:48:51,14210,286,1600,40268400,0,0,0
ru2204,20220218,20220218,134851000,13:48:51,14210,286,1600,40268400,0,0,0
ru2204,20220218,20220218,134851500,13:48:51,14210,286,1600,40268400,0,0,0
ru2204,20220218,20220218,134852000,13:48:52,14210,286,1600,40268400,0,0,0
ru2204,20220218,20220218,134852500,13:48:52,14210,286,1600,40268400,0,0,0
ru2204,20220218,20220218,134853000,13:48:54,14210,286,1600,40268400,0,0,0
ru2204,20220218,20220218,134853500,13:48:54,14210,286,1600,40268400,0,0,0
ru2204,20220218,20220218,134854000,13:48:56,14210,286,1600,40268400,0,0,0
ru2204,20220218,20220218,134854500,13:48:56,14210,286,1600,40268400,0,0,0
ru2204,20220218,20220218,134855000,13:48:56,14210,286,1600,40268400,0,0,0
ru2204,20220218,20220218,134855500,13:48:56,14210,286,1600,40268400,0,0,0
ru2204,20220218,20220218,134856000,13:48:57,14210,286,1600,40268400,0,0,0
ru2204,20220218,20220218,134856500,13:48:57,14210,286,1600,40268400,0,0,0
ru2204,20220218,20220218,134857000,13:48:57,14210,286,1600,40268400,0,0,0
ru2204,20220218,20220218,134857500,13:48:57,14210,286,1600,40268400,0,0,0
ru2204,20220218,20220218,134858000,13:48:58,14210,286,1600,40268400,0,0,0
ru2204,20220218,20220218,134858500,13:48:59,14210,286,1600,40268400,0,0,0
ru2204,20220218,20220218,134859000,13:48:59,14210,286,1600,40268400,0,0,0
ru2204,20220218,20220218,134859500,13:49:00,14210,286,1600,40268400,0,0,0
ru2204,20220218,20220218,134900000,13:49:00,14210,286,1600,40268400,0,0,0
ru2204,20220218,20220218,134900500,13:49:01,14210,286,1600,40268400,0,0,0
ru2204,20220218,20220218,134901000,13:49:01,14210,286,1600,40268400,0,0,0
ru2204,20220218,20220218,134901500,13:49:02,14210,286,1600,40268400,0,0,0
ru2204,20220218,20220218,134902000,13:49:02,14210,286,1600,40268400,0,0,0
ru2204,20220218,20220218,134902500,13:49:03,14210,286,1600,40268400,0,0,0
ru2204,20220218,20220218,134903000,13:49:03,14210,286,1600,40268400,0,0,0
ru2204,20220218,20220218,134903500,13:49:04,14210,286,1600,40268400,0,0,0
ru2204,20220218,20220218,134904000,13:49:04,14210,286,1600,40268400,0,0,0
ru2204,20220218,20220218,134904500,13:49:04,14210,286,1600,40268400,0,0,0
ru2204,20220218,20220218,134905000,13:49:05,14210,286,1600,40268400,0,0,0
ru2204,20220218,20220218,134905500,13:49:05,14210,286,1600,40268400,0,0,0
ru2204,20220218,20220218,134906000,13:49:06,14210,286,1600,40268400,0,0,0
ru2204,20220218,20220218,134906500,13:49:06,14210,286,1600,40268400,0,0,0
ru2204,20220218,20220218,134907000,13:49:07,14210,286,1600,40268400,0,0,0
ru2204,20220218,20220218,134907500,13:49:07,14210,286,1600,40268400,0,0,0
ru2204,20220218,20220218,134908000,13:49:08,14210,286,1600,40268400,0,0,0
ru2204,20220218,20220218,134908500,13:49:08,14210,286,1600,40268400,0,0,0
ru2204,20220218,20220218,134909000,13:49:09,14210,286,1600,40268400,0,0,0
ru2204,20220218,20220218,134909500,13:49:10,14210,286,1600,40268400,0,0,0
ru2204,20220218,20220218,134910000,13:49:10,14210,286,1600,40268400,0,0,0
ru2204,20220218,20220218,134910500,13:49:10,14210,286,1600,40268400,0,0,0
ru2204,20220218,20220218,134911000,13:49:11,14210,286,1600,40268400,0,0,0
ru2204,20220218,20220218,134911500,13:49:12,14210,286,1600,40268400,0,0,0
ru2204,20220218,20220218,134912000,13:49:12,14210,286,1600,40268400,0,0,0
ru2204,20220218,20220218,134912500,13:49:13,14210,286,1600,40268400,0,0,0
ru2204,20220218,20220218,134913000,13:49:13,14210,286,1600,40268400,0,0,0
ru2204,20220218,20220218,134913500,13:49:13,14210,286,1600,40268400,0,0,0
ru2204,20220218,20220218,134914000,13:49:14,14210,286,1600,40268400,0,0,0
ru2204,20220218,20220218,134914500,13:49:14,14210,286,1600,40268400,0,0,0
ru2204,20220218,20220218,134915000,13:49:15,14210,286,1600,40268400,0,0,0
ru2204,20220218,20220218,134915500,13:49:16,14210,286,1600,40268400,0,0,0
ru2204,20220218,20220218,134916000,13:49:16,14210,286,1600,40268400,0,0,0
ru2204,20220218,20220218,134916500,13:49:17,14210,286,1600,40268400,0,0,0
ru2204,20220218,20220218,134917000,13:49:17,14210,286,1600,40268400,0,0,0
ru2204,20220218,20220218,134917500,13:49:17,14210,286,1600,40268400,0,0,0
ru2204,20220218,20220218,134918000,13:49:18,14210,286,1600,40268400,0,0,0
ru2204,20220218,20220218,134918500,13:49:19,14210,286,1600,40268400,0,0,0
ru2204,20220218,20220218,134919000,13:49:20,14210,286,1600,40268400,0,0,0
ru2204,20220218,20220218,134919500,13:49:20,14210,286,1600,40268400,0,0,0
ru2204,20220218,20220218,134920000,13:49:20,14210,286,1600,40268400,0,0,0
ru2204,20220218,20220218,134920500,13:49:20,14210,286,1600,40268400,0,0,0
ru2204,20220218,20220218,134921000,13:49:21,14210,286,1600,40268400,0,0,0
ru2204,20220218,20220218,134921500,13:49:21,14210,286,1600,40268400,0,0,0
ru2204,20220218,20220218,134922000,13:49:22,14210,286,1600,40268400,0,0,0
ru2204,20220218,20220218,134922500,13:49:23,14210,286,1600,40268400,0,0,0
ru2204,20220218,20220218,134923000,13:49:24,14210,286,1600,40268400,0,0,0
ru2204,20220218,20220218,134923500,13:49:24,14210,286,1600,40268400,0,0,0
ru2204,20220218,20220218,134924000,13:49:24,14210,286,1600,40268400,0,0,0
ru2204,20220218,20220218,134924500,13:49:25,14210,286,1600,40268400,0,0,0
ru2204,20220218,20220218,134925000,13:49:25,14210,286,1600,40268400,0,0,0
ru2204,20220218,20220218,134925500,13:49:26,14210,286,1600,40268400,0,0,0
ru2204,20220218,20220218,134926000,13:49:26,14210,286,1600,40268400,0,0,0
ru2204,20220218,20220218,134926500,13:49:27,14210,286,1600,40268400,0,0,0
ru2204,20220218,20220218,134927000,13:49:28,14210,286,1600,40268400,0,0,0
ru2204,20220218,20220218,134927500,13:49:28,14210,286,1600,40268400,0,0,0
ru2204,20220218,20220218,134928000,13:49:28,14210,286,1600,40268400,0,0,0
ru2204,20220218,20220218,134928500,13:49:29,14210,286,1600,40268400,0,0,0
ru2204,20220218,20220218,134929000,13:49:29,14210,286,1600,40268400,0,0,0
ru2204,20220218,20220218,134929500,13:49:30,14210,286,1600,40268400,0,0,0
ru2204,20220218,20220218,134930000,13:49:30,14210,286,1600,40268400,0,0,0
ru2204,20220218,20220218,134930500,13:49:31,14210,286,1600,40268400,0,0,0
ru2204,20220218,20220218,134931000,13:49:31,14210,286,1600,40268400,0,0,0
ru2204,20220218,20220218,134931500,13:49:32,14210,286,1600,40268400,0,0,0
ru2204,20220218,20220218,134932000,13:49:32,14210,286,1600,40268400,0,0,0
ru2204,20220218,20220218,134932500,13:49:32,14210,286,1600,40268400,0,0,0
ru2204,20220218,20220218,134933000,13:49:33,14210,286,1600,40268400,0,0,0
ru2204,20220218,20220218,134933500,13:49:34,14210,286,1600,40268400,0,0,0
ru2204,20220218,20220218,134934000,13:49:34,14210,286,1600,40268400,0,0,0
ru2204,20220218,20220218,134934500,13:49:35,14210,286,1600,40268400,0,0,0
ru2204,20220218,20220218,134935000,13:49:35,14210,286,1600,40268400,0,0,0
ru2204,20220218,20220218,134935500,13:49:36,14210,286,1600,40268400,0,0,0
ru2204,20220218,20220218,134936000,13:49:36,14210,286,1600,40268400,0,0,0
ru2204,20220218,20220218,134936500,13:49:36,14210,286,1600,40268400,0,0,0
ru2204,20220218,20220218,134937000,13:49:37,14210,286,1600,40268400,0,0,0
ru2204,20220218,20220218,134937500,13:49:37,14210,286,1600,40268400,0,0,0
ru2204,20220218,20220218,134938000,13:49:38,14210,286,1600,40268400,0,0,0
ru2204,20220218,20220218,134938500,13:49:38,14210,286,1600,40268400,0,0,0
ru2204,20220218,20220218,134939000,13:49:39,14210,286,1600,40268400,0,0,0
ru2204,20220218,20220218,134939500,13:49:39,14210,286,1600,40268400,0,0,0
ru2204,20220218,20220218,134940000,13:49:40,14210,286,1600,40268400,0,0,0
ru2204,20220218,20220218,134940500,13:49:40,14210,286,1600,40268400,0,0,0
ru2204,20220218,20220218,134941000,13:49:41,14210,286,1600,40268400,0,0,0
ru2204,20220218,20220218,134941500,13:49:42,14210,286,1600,40268400,0,0,0
ru2204,20220218,20220218,134942000,13:49:42,14210,286,1600,40268400,0,0,0
ru2204,20220218,20220218,134942500,13:49:42,14210,286,1600,40268400,0,0,0
ru2204,20220218,20220218,134943000,13:49:43,14210,286,1600,40268400,0,0,0
ru2204,20220218,20220218,134943500,13:49:44,14210,286,1600,40268400,0,0,0
ru2204,20220218,20220218,134944000,13:49:44,14210,286,1600,40268400,0,0,0
ru2204,20220218,20220218,134944500,13:49:44,14210,286,1600,40268400,0,0,0
ru2204,20220218,20220218,134945000,13:49:45,14210,286,1600,40268400,0,0,0
ru2204,20220218,20220218,134945500,13:49:46,14210,286,1600,40268400,0,0,0
ru2204,20220218,20220218,134946000,13:49:46,14210,286,1600,40268400,0,0,0
ru2204,20220218,20220218,134946500,13:49:46,14210,286,1600,40268400,0,0,0
ru2204,20220218,20220218,134947000,13:49:47,14210,286,1600,40268400,0,0,0
ru2204,20220218,20220218,134947500,13:49:47,14210,286,1600,40268400,0,0,0
ru2204,20220218,20220218,134948000,13:49:48,14210,286,1600,40268400,0,0,0
ru2204,20220218,20220218,134948500,13:49:48,14210,286,1600,40268400,0,0,0
ru2204,20220218,20220218,134949000,13:49:49,14210,286,1600,40268400,0,0,0
ru2204,20220218,20220218,134949500,13:49:50,14210,286,1600,40268400,0,0,0
ru2204,20220218,20220218,134950000,13:49:50,14210,286,1600,40268400,0,0,0
ru2204,20220218,20220218,134950500,13:49:50,14210,286,1600,40268400,0,0,0
ru2204,20220218,20220218,134951000,13:49:51,14210,286,1600,40268400,0,0,0
ru2204,20220218,20220218,134951500,13:49:52,14210,286,1600,40268400,0,0,0
ru2204,20220218,20220218,134952000,13:49:52,14210,286,1600,40268400,0,0,0
ru2204,20220218,20220218,134952500,13:49:54,14210,286,1600,40268400,0,0,0
ru2204,20220218,20220218,134953000,13:49:54,14210,286,1600,40268400,0,0,0
ru2204,20220218,20220218,134953500,13:49:55,14210,286,1600,40268400,0,0,0
ru2204,20220218,20220218,134954000,13:49:55,14210,286,1600,40268400,0,0,0
ru2204,20220218,20220218,134954500,13:49:55,14210,286,1600,40268400,0,0,0
ru2204,20220218,20220218,134955000,13:49:55,14210,286,1600,40268400,0,0,0
ru2204,20220218,20220218,134955500,13:49:56,14210,286,1600,40268400,0,0,0
ru2204,20220218,20220218,134956000,13:49:56,14210,286,1600,40268400,0,0,0
ru2204,20220218,20220218,134956500,13:49:57,14210,286,1600,40268400,0,0,0
ru2204,20220218,20220218,134957000,13:49:57,14210,286,1600,40268400,0,0,0
ru2204,20220218,20220218,134957500,13:49:57,14210,286,1600,40268400,0,0,0
ru2204,20220218,20220218,134958000,13:49:58,14210,286,1600,40268400,0,0,0
ru2204,20220218,20220218,134958500,13:49:59,14210,286,1600,40268400,0,0,0
ru2204,20220218,20220218,134959000,13:49:59,14210,286,1600,40268400,0,0,0
ru2204,20220218,20220218,134959500,13:49:59,14210,286,1600,40268400,0,0,0
ru2204,20220218,20220218,135000000,13:50:00,14210,286,1600,40268400,0,0,0
ru2204,20220218,20220218,135000500,13:50:00,14210,286,1600,40268400,0,0,0
ru2204,20220218,20220218,135001000,13:50:01,14210,286,1600,40268400,0,0,0
ru2204,20220218,20220218,135001500,13:50:02,14210,286,1600,40268400,0,0,0
ru2204,20220218,20220218,135002000,13:50:02,14210,286,1600,40268400,0,0,0
ru2204,20220218,20220218,135002500,13:50:03,14210,286,1600,40268400,0,0,0
ru2204,20220218,20220218,135003000,13:50:03,14210,286,1600,40268400,0,0,0
ru2204,20220218,20220218,135003500,13:50:03,14210,286,1600,40268400,0,0,0
ru2204,20220218,20220218,135004000,13:50:04,14210,286,1600,40268400,0,0,0
ru2204,20220218,20220218,135004500,13:50:05,14210,286,1600,40268400,0,0,0
ru2204,20220218,20220218,135005000,13:50:05,14210,286,1600,40268400,0,0,0
ru2204,20220218,20220218,135005500,13:50:06,14210,286,1600,40268400,0,0,0
ru2204,20220218,20220218,135006000,13:50:06,14210,286,1600,40268400,0,0,0
ru2204,20220218,20220218,135006500,13:50:07,14210,286,1600,40268400,0,0,0
ru2204,20220218,20220218,135007000,13:50:07,14210,286,1600,40268400,0,0,0
ru2204,20220218,20220218,135007500,13:50:09,14210,286,1600,40268400,0,0,0
ru2204,20220218,20220218,135008000,13:50:10,14210,286,1600,40268400,0,0,0
ru2204,20220218,20220218,135008500,13:50:25,14210,286,1600,40268400,0,0,0
ru2204,20220218,20220218,135009000,13:50:26,14210,286,1600,40268400,0,0,0
ru2204,20220218,20220218,135009500,13:50:26,14210,286,1600,40268400,0,0,0
ru2204,20220218,20220218,135010000,13:50:26,14210,286,1600,40268400,0,0,0
ru2204,20220218,20220218,135025500,13:50:27,14210,286,1600,40268400,0,0,0
ru2204,20220218,20220218,135026000,13:50:28,14210,286,1600,40268400,0,0,0
ru2204,20220218,20220218,135026500,13:50:31,14210,286,1600,40268400,0,0,0
ru2204,20220218,20220218,135027000,13:50:33,14210,286,1600,40268400,0,0,0
ru2204,20220218,20220218,135029500,13:50:37,14210,286,1600,40268400,0,0,0
ru2204,20220218,20220218,135034500,13:50:37,14210,286,1600,40268400,0,0,0
ru2204,20220218,20220218,135035000,13:50:37,14210,286,1600,40268400,0,0,0
ru2204,20220218,20220218,135037000,13:50:38,14210,286,1600,40268400,0,0,0
ru2204,20220218,20220218,135037500,13:50:38,14210,286,1600,40268400,0,0,0
ru2204,20220218,20220218,135038000,13:50:39,14210,286,1600,40268400,0,0,0
ru2204,20220218,20220218,135038500,13:50:39,14210,286,1600,40268400,0,0,0
ru2204,20220218,20220218,135039000,13:50:39,14210,286,1600,40268400,0,0,0
ru2204,20220218,20220218,135039500,13:50:39,14210,286,1600,40268400,0,0,0
ru2204,20220218,20220218,135040000,13:50:40,14210,286,1600,40268400,0,0,0
ru2204,20220218,20220218,135040500,13:50:41,14210,286,1600,40268400,0,0,0
ru2204,20220218,20220218,135041000,13:50:41,14210,286,1600,40268400,0,0,0
ru2204,20220218,20220218,135041500,13:50:42,14210,286,1600,40268400,0,0,0
ru2204,20220218,20220218,135042000,13:50:43,14210,286,1600,40268400,0,0,0
ru2204,20220218,20220218,135042500,13:50:43,14210,286,1600,40268400,0,0,0
ru2204,20220218,20220218,135043000,13:50:43,14210,286,1600,40268400,0,0,0
ru2204,20220218,20220218,135043500,13:50:44,14210,286,1600,40268400,0,0,0
ru2204,20220218,20220218,135044000,13:50:45,14210,286,1600,40268400,0,0,0
ru2204,20220218,20220218,135044500,13:50:45,14210,286,1600,40268400,0,0,0
ru2204,20220218,20220218,135045000,13:50:45,14210,286,1600,40268400,0,0,0
ru2204,20220218,20220218,135045500,13:50:46,14210,286,1600,40268400,0,0,0
ru2204,20220218,20220218,135046000,13:50:47,14210,286,1600,40268400,0,0,0
ru2204,20220218,20220218,135046500,13:50:47,14210,286,1600,40268400,0,0,0
ru2204,20220218,20220218,135047000,13:50:47,14210,286,1600,40268400,0,0,0
ru2204,20220218,20220218,135047500,13:50:48,14210,286,1600,40268400,0,0,0
ru2204,20220218,20220218,135048000,13:50:48,14210,286,1600,40268400,0,0,0
ru2204,20220218,20220218,135048500,13:50:48,14210,286,1600,40268400,0,0,0
ru2204,20220218,20220218,135049000,13:50:49,14210,286,1600,40268400,0,0,0
ru2204,20220218,20220218,135049500,13:50:50,14210,286,1600,40268400,0,0,0
ru2204,20220218,20220218,135050000,13:50:50,14210,286,1600,40268400,0,0,0
ru2204,20220218,20220218,135050500,13:50:51,14210,286,1600,40268400,0,0,0
ru2204,20220218,20220218,135051000,13:50:51,14210,286,1600,40268400,0,0,0
ru2204,20220218,20220218,135051500,13:50:52,14210,286,1600,40268400,0,0,0
ru2204,20220218,20220218,135052000,13:50:53,14210,286,1600,40268400,0,0,0
ru2204,20220218,20220218,135052500,13:50:53,14210,286,1600,40268400,0,0,0
ru2204,20220218,20220218,135053000,13:50:53,14210,286,1600,40268400,0,0,0
ru2204,20220218,20220218,135053500,13:50:54,14210,286,1600,40268400,0,0,0
ru2204,20220218,20220218,135054000,13:50:54,14210,286,1600,40268400,0,0,0
ru2204,20220218,20220218,135054500,13:50:54,14210,286,1600,40268400,0,0,0
ru2204,20220218,20220218,135055000,13:50:55,14210,286,1600,40268400,0,0,0
ru2204,20220218,20220218,135055500,13:50:55,14210,286,1600,40268400,0,0,0
ru2204,20220218,20220218,135056000,13:50:56,14210,286,1600,40268400,0,0,0
ru2204,20220218,20220218,135056500,13:50:57,14210,286,1600,40268400,0,0,0
ru2204,20220218,20220218,135057000,13:50:57,14210,286,1600,40268400,0,0,0
ru2204,20220218,20220218,135057500,13:50:58,14210,286,1600,40268400,0,0,0
ru2204,20220218,20220218,135058000,13:50:58,14210,286,1600,40268400,0,0,0
ru2204,20220218,20220218,135058500,13:50:59,14210,286,1600,40268400,0,0,0
ru2204,20220218,20220218,135059000,13:50:59,14210,286,1600,40268400,0,0,0
ru2204,20220218,20220218,135059500,13:50:59,14210,286,1600,40268400,0,0,0
ru2204,20220218,20220218,135100000,13:51:00,14210,286,1600,40268400,0,0,0
ru2204,20220218,20220218,135100500,13:51:01,14210,286,1600,40268400,0,0,0
ru2204,20220218,20220218,135101000,13:51:01,14210,286,1600,40268400,0,0,0
ru2204,20220218,20220218,135101500,13:51:01,14210,286,1600,40268400,0,0,0
ru2204,20220218,20220218,135102000,13:51:02,14210,286,1600,40268400,0,0,0
ru2204,20220218,20220218,135102500,13:51:02,14210,286,1600,40268400,0,0,0
ru2204,20220218,20220218,135103000,13:51:03,14210,286,1600,40268400,0,0,0
ru2204,20220218,20220218,135103500,13:51:04,14210,286,1600,40268400,0,0,0
ru2204,20220218,20220218,135104000,13:51:04,14210,286,1600,40268400,0,0,0
ru2204,20220218,20220218,135104500,13:51:05,14210,286,1600,40268400,0,0,0
ru2204,20220218,20220218,135105000,13:51:05,14210,286,1600,40268400,0,0,0
ru2204,20220218,20220218,135105500,13:51:06,14210,286,1600,40268400,0,0,0
ru2204,20220218,20220218,135106000,13:51:06,14210,286,1600,40268400,0,0,0
ru2204,20220218,20220218,135106500,13:51:07,14210,286,1600,40268400,0,0,0
ru2204,20220218,20220218,135107000,13:51:20,14210,286,1600,40268400,0,0,0
ru2204,20220218,20220218,135107500,13:51:21,14210,286,1600,40268400,0,0,0
ru2204,20220218,20220218,135108000,13:51:21,14210,286,1600,40268400,0,0,0
ru2204,20220218,20220218,135120500,13:51:21,14210,286,1600,40268400,0,0,0
ru2204,20220218,20220218,135121000,13:51:21,14210,286,1600,40268400,0,0,0
ru2204,20220218,20220218,135121500,13:51:21,14210,286,1600,40268400,0,0,0
ru2204,20220218,20220218,135122000,13:51:22,14210,286,1600,40268400,0,0,0
ru2204,20220218,20220218,135122500,13:51:23,14210,286,1600,40268400,0,0,0
ru2204,20220218,20220218,135123000,13:51:23,14210,286,1600,40268400,0,0,0
ru2204,20220218,20220218,135123500,13:51:23,14210,286,1600,40268400,0,0,0
ru2204,20220218,20220218,135124000,13:51:24,14210,286,1600,40268400,0,0,0
ru2204,20220218,20220218,135124500,13:51:24,14210,286,1600,40268400,0,0,0
ru2204,20220218,20220218,135125000,13:51:25,14210,286,1600,40268400,0,0,0
ru2204,20220218,20220218,135125500,13:51:27,14210,286,1600,40268400,0,0,0
ru2204,20220218,20220218,135126000,13:51:27,14210,286,1600,40268400,0,0,0
ru2204,20220218,20220218,135126500,13:51:27,14210,286,1600,40268400,0,0,0
ru2204,20220218,20220218,135127000,13:51:27,14210,286,1600,40268400,0,0,0
ru2204,20220218,20220218,135127500,13:51:27,14210,286,1600,40268400,0,0,0
ru2204,20220218,20220218,135128000,13:51:28,14210,286,1600,40268400,0,0,0
ru2204,20220218,20220218,135128500,13:51:29,14210,286,1600,40268400,0,0,0
ru2204,20220218,20220218,135129000,13:51:29,14210,286,1600,40268400,0,0,0
ru2204,20220218,20220218,135129500,13:51:30,14210,286,1600,40268400,0,0,0
ru2204,20220218,20220218,135130000,13:51:30,14210,286,1600,40268400,0,0,0
ru2204,20220218,20220218,135130500,13:51:31,14210,286,1600,40268400,0,0,0
ru2204,20220218,20220218,135131000,13:51:31,14210,286,1600,40268400,0,0,0
ru2204,20220218,20220218,135132000,13:51:32,14210,286,1600,40268400,0,0,0
ru2204,20220218,20220218,135132500,13:51:33,14210,286,1600,40268400,0,0,0
ru2204,20220218,20220218,135133500,13:51:33,14210,286,1600,40268400,0,0,0
ru2204,20220218,20220218,135135500,13:51:35,14210,286,1600,40268400,0,0,0
ru2204,20220218,20220218,135137000,13:51:37,14210,286,1600,40268400,0,0,0
ru2204,20220218,20220218,135141000,13:51:41,14210,286,1600,40268400,0,0,0
ru2204,20220218,20220218,135142500,13:51:42,14210,286,1600,40268400,0,0,0
ru2204,20220218,20220218,135145500,13:51:45,14210,286,1600,40268400,0,0,0
ru2204,20220218,20220218,135147000,13:51:47,14210,286,1600,40268400,0,0,0
ru2204,20220218,20220218,135148500,13:51:49,14210,286,1600,40268400,0,0,0
ru2204,20220218,20220218,135149500,13:51:50,14210,286,1600,40268400,0,0,0
ru2204,20220218,20220218,135151000,13:51:51,14210,286,1600,40268400,0,0,0
ru2204,20220218,20220218,135152500,13:51:52,14210,286,1600,40268400,0,0,0
ru2204,20220218,20220218,135154000,13:51:54,14210,286,1600,40268400,0,0,0
ru2204,20220218,20220218,135155500,13:51:55,14210,286,1600,40268400,0,0,0
ru2204,20220218,20220218,135156500,13:51:57,14210,286,1600,40268400,0,0,0
ru2204,20220218,20220218,135159500,13:51:59,14210,286,1600,40268400,0,0,0
ru2204,20220218,20220218,135201000,13:52:01,14210,286,1600,40268400,0,0,0
ru2204,20220218,20220218,135201500,13:52:03,14210,286,1600,40268400,0,0,0
ru2204,20220218,20220218,135202000,13:52:03,14210,286,1600,40268400,0,0,0
ru2204,20220218,20220218,135202500,13:52:03,14210,286,1600,40268400,0,0,0
ru2204,20220218,20220218,135203000,13:52:03,14210,286,1600,40268400,0,0,0
ru2204,20220218,20220218,135203500,13:52:04,14210,286,1600,40268400,0,0,0
ru2204,20220218,20220218,135204000,13:52:04,14210,286,1600,40268400,0,0,0
ru2204,20220218,20220218,135204500,13:52:05,14210,286,1600,40268400,0,0,0
ru2204,20220218,20220218,135205000,13:52:05,14210,286,1600,40268400,0,0,0
ru2204,20220218,20220218,135205500,13:52:06,14210,286,1600,40268400,0,0,0
ru2204,20220218,20220218,135206000,13:52:06,14210,286,1600,40268400,0,0,0
ru2204,20220218,20220218,135206500,13:52:08,14210,286,1600,40268400,0,0,0
ru2204,20220218,20220218,135207000,13:52:09,14210,286,1600,40268400,0,0,0
ru2204,20220218,20220218,135207500,13:52:10,14210,286,1600,40268400,0,0,0
ru2204,20220218,20220218,135209000,13:52:11,14210,286,1600,40268400,0,0,0
ru2204,20220218,20220218,135209500,13:52:11,14210,286,1600,40268400,0,0,0
ru2204,20220218,20220218,135210000,13:52:11,14210,286,1600,40268400,0,0,0
ru2204,20220218,20220218,135210500,13:52:11,14210,286,1600,40268400,0,0,0
ru2204,20220218,20220218,135211000,13:52:12,14210,286,1600,40268400,0,0,0
ru2204,20220218,20220218,135211500,13:52:12,14210,286,1600,40268400,0,0,0
ru2204,20220218,20220218,135212000,13:52:12,14210,286,1600,40268400,0,0,0
ru2204,20220218,20220218,135212500,13:52:13,14210,286,1600,40268400,0,0,0
ru2204,20220218,20220218,135213000,13:52:13,14210,286,1600,40268400,0,0,0
ru2204,20220218,20220218,135213500,13:52:13,14210,286,1600,40268400,0,0,0
ru2204,20220218,20220218,135214000,13:52:14,14210,286,1600,40268400,0,0,0
ru2204,20220218,20220218,135214500,13:52:15,14210,286,1600,40268400,0,0,0
ru2204,20220218,20220218,135215000,13:52:15,14210,286,1600,40268400,0,0,0
ru2204,20220218,20220218,135215500,13:52:15,14210,286,1600,40268400,0,0,0
ru2204,20220218,20220218,135216000,13:52:16,14210,286,1600,40268400,0,0,0
ru2204,20220218,20220218,135216500,13:52:17,14210,286,1600,40268400,0,0,0
ru2204,20220218,20220218,135217000,13:52:17,14210,286,1600,40268400,0,0,0
ru2204,20220218,20220218,135217500,13:52:19,14210,286,1600,40268400,0,0,0
ru2204,20220218,20220218,135218000,13:52:19,14210,286,1600,40268400,0,0,0
ru2204,20220218,20220218,135218500,13:52:20,14210,286,1600,40268400,0,0,0
ru2204,20220218,20220218,135219000,13:52:23,14210,286,1600,40268400,0,0,0
ru2204,20220218,20220218,135219500,13:52:24,14210,286,1600,40268400,0,0,0
ru2204,20220218,20220218,135220000,13:52:24,14210,286,1600,40268400,0,0,0
ru2204,20220218,20220218,135220500,13:52:24,14210,286,1600,40268400,0,0,0
ru2204,20220218,20220218,135221000,13:52:24,14210,286,1600,40268400,0,0,0
ru2204,20220218,20220218,135223500,13:52:24,14210,286,1600,40268400,0,0,0
ru2204,20220218,20220218,135224000,13:52:24,14210,286,1600,40268400,0,0,0
ru2204,20220218,20220218,135224500,13:52:24,14210,286,1600,40268400,0,0,0
ru2204,20220218,20220218,135225000,13:52:25,14210,286,1600,40268400,0,0,0
ru2204,20220218,20220218,135225500,13:52:25,14210,286,1600,40268400,0,0,0
ru2204,20220218,20220218,135226000,13:52:26,14210,286,1600,40268400,0,0,0
ru2204,20220218,20220218,135226500,13:52:27,14210,286,1600,40268400,0,0,0
ru2204,20220218,20220218,135227000,13:52:27,14210,286,1600,40268400,0,0,0
ru2204,20220218,20220218,135227500,13:52:27,14210,286,1600,40268400,0,0,0
ru2204,20220218,20220218,135228000,13:52:28,14210,286,1600,40268400,0,0,0
ru2204,20220218,20220218,135228500,13:52:28,14210,286,1600,40268400,0,0,0
ru2204,20220218,20220218,135229000,13:52:31,14210,286,1600,40268400,0,0,0
ru2204,20220218,20220218,135229500,13:52:31,14210,286,1600,40268400,0,0,0
ru2204,20220218,20220218,135230000,13:52:31,14210,286,1600,40268400,0,0,0
ru2204,20220218,20220218,135230500,13:52:32,14210,286,1600,40268400,0,0,0
ru2204,20220218,20220218,135231000,13:52:32,14210,286,1600,40268400,0,0,0
ru2204,20220218,20220218,135231500,13:52:32,14210,286,1600,40268400,0,0,0
ru2204,20220218,20220218,135232000,13:52:32,14210,286,1600,40268400,0,0,0
ru2204,20220218,20220218,135232500,13:52:33,14210,286,1600,40268400,0,0,0
ru2204,20220218,20220218,135233000,13:52:33,14210,286,1600,40268400,0,0,0
ru2204,20220218,20220218,135233500,13:52:33,14210,286,1600,40268400,0,0,0
ru2204,20220218,20220218,135234000,13:52:34,14210,286,1600,40268400,0,0,0
ru2204,20220218,20220218,135234500,13:52:35,14210,286,1600,40268400,0,0,0
ru2204,20220218,20220218,135235000,13:52:36,14210,286,1600,40268400,0,0,0
ru2204,20220218,20220218,135235500,13:52:36,14210,286,1600,40268400,0,0,0
ru2204,20220218,20220218,135236000,13:52:37,14210,286,1600,40268400,0,0,0
ru2204,20220218,20220218,135236500,13:52:44,14210,286,1600,40268400,0,0,0
ru2204,20220218,20220218,135237000,13:52:44,14210,286,1600,40268400,0,0,0
ru2204,20220218,20220218,135237500,13:52:44,14210,286,1600,40268400,0,0,0
ru2204,20220218,20220218,135238000,13:52:45,14210,286,1600,40268400,0,0,0
ru2204,20220218,20220218,135244000,13:52:45,14210,286,1600,40268400,0,0,0
ru2204,20220218,20220218,135244500,13:52:46,14210,286,1600,40268400,0,0,0
ru2204,20220218,20220218,135245000,13:52:47,14210,286,1600,40268400,0,0,0
ru2204,20220218,20220218,135245500,13:52:48,14210,286,1600,40268400,0,0,0
ru2204,20220218,20220218,135246000,13:52:48,14210,286,1600,40268400,0,0,0
ru2204,20220218,20220218,135246500,13:52:48,14210,286,1600,40268400,0,0,0
ru2204,20220218,20220218,135247000,13:52:48,14210,286,1600,40268400,0,0,0
ru2204,20220218,20220218,135247500,13:52:48,14210,286,1600,40268400,0,0,0
ru2204,20220218,20220218,135248000,13:52:48,14210,286,1600,40268400,0,0,0
ru2204,20220218,20220218,135248500,13:52:49,14210,286,1600,40268400,0,0,0
ru2204,20220218,20220218,135249000,13:52:49,14210,286,1600,40268400,0,0,0
ru2204,20220218,20220218,135249500,13:52:50,14210,286,1600,40268400,0,0,0
ru2204,20220218,20220218,135250000,13:52:50,14210,286,1600,40268400,0,0,0
ru2204,20220218,20220218,135250500,13:52:51,14210,286,1600,40268400,0,0,0
ru2204,20220218,20220218,135251000,13:52:51,14210,286,1600,40268400,0,0,0
ru2204,20220218,20220218,135251500,13:52:51,14210,286,1600,40268400,0,0,0
ru2204,20220218,20220218,135252000,13:52:52,14210,286,1600,40268400,0,0,0
ru2204,20220218,20220218,135252500,13:52:53,14210,286,1600,40268400,0,0,0
ru2204,20220218,20220218,135253000,13:52:53,14210,286,1600,40268400,0,0,0
ru2204,20220218,20220218,135253500,13:52:54,14210,286,1600,40268400,0,0,0
ru2204,20220218,20220218,135254000,13:52:54,14210,286,1600,40268400,0,0,0
ru2204,20220218,20220218,135254500,13:52:54,14210,286,1600,40268400,0,0,0
ru2204,20220218,20220218,135255000,13:52:55,14210,286,1600,40268400,0,0,0
ru2204,20220218,20220218,135255500,13:52:55,14210,286,1600,40268400,0,0,0
ru2204,20220218,20220218,135256000,13:52:56,14210,286,1600,40268400,0,0,0
ru2204,20220218,20220218,135256500,13:52:57,14210,286,1600,40268400,0,0,0
ru2204,20220218,20220218,135257000,13:52:57,14210,286,1600,40268400,0,0,0
ru2204,20220218,20220218,135257500,13:52:57,14210,286,1600,40268400,0,0,0
ru2204,20220218,20220218,135258000,13:52:58,14210,286,1600,40268400,0,0,0
ru2204,20220218,20220218,135258500,13:52:59,14210,286,1600,40268400,0,0,0
ru2204,20220218,20220218,135259000,13:52:59,14210,286,1600,40268400,0,0,0
ru2204,20220218,20220218,135259500,13:53:00,14210,286,1600,40268400,0,0,0
ru2204,20220218,20220218,135300000,13:53:00,14210,286,1600,40268400,0,0,0
ru2204,20220218,20220218,135300500,13:53:01,14210,286,1600,40268400,0,0,0
ru2204,20220218,20220218,135301000,13:53:01,14210,286,1600,40268400,0,0,0
ru2204,20220218,20220218,135301500,13:53:02,14210,286,1600,40268400,0,0,0
ru2204,20220218,20220218,135302000,13:53:02,14210,286,1600,40268400,0,0,0
ru2204,20220218,20220218,135302500,13:53:03,14210,286,1600,40268400,0,0,0
ru2204,20220218,20220218,135303000,13:53:03,14210,286,1600,40268400,0,0,0
ru2204,20220218,20220218,135303500,13:53:04,14210,286,1600,40268400,0,0,0
ru2204,20220218,20220218,135304000,13:53:05,14210,286,1600,40268400,0,0,0
ru2204,20220218,20220218,135304500,13:53:06,14210,286,1600,40268400,0,0,0
ru2204,20220218,20220218,135305000,13:53:07,14210,286,1600,40268400,0,0,0
ru2204,20220218,20220218,135305500,13:53:08,14210,286,1600,40268400,0,0,0
ru2204,20220218,20220218,135306000,13:53:09,14210,286,1600,40268400,0,0,0
ru2204,20220218,20220218,135306500,13:53:09,14210,286,1600,40268400,0,0,0
ru2204,20220218,20220218,135307000,13:53:09,14210,286,1600,40268400,0,0,0
ru2204,20220218,20220218,135308500,13:53:09,14210,286,1600,40268400,0,0,0
ru2204,20220218,20220218,135309000,13:53:09,14210,286,1600,40268400,0,0,0
ru2204,20220218,20220218,135309500,13:53:09,14210,286,1600,40268400,0,0,0
ru2204,20220218,20220218,135310000,13:53:10,14210,286,1600,40268400,0,0,0
ru2204,20220218,20220218,135310500,13:53:11,14210,286,1600,40268400,0,0,0
ru2204,20220218,20220218,135311000,13:53:11,14210,286,1600,40268400,0,0,0
ru2204,20220218,20220218,135311500,13:53:12,14210,286,1600,40268400,0,0,0
ru2204,20220218,20220218,135312000,13:53:12,14210,286,1600,40268400,0,0,0
ru2204,20220218,20220218,135312500,13:53:13,14210,286,1600,40268400,0,0,0
ru2204,20220218,20220218,135313000,13:53:13,14210,286,1600,40268400,0,0,0
ru2204,20220218,20220218,135313500,13:53:13,14210,286,1600,40268400,0,0,0
ru2204,20220218,20220218,135314000,13:53:14,14210,286,1600,40268400,0,0,0
ru2204,20220218,20220218,135314500,13:53:15,14210,286,1600,40268400,0,0,0
ru2204,20220218,20220218,135315000,13:53:15,14210,286,1600,40268400,0,0,0
ru2204,20220218,20220218,135315500,13:53:16,14210,286,1600,40268400,0,0,0
ru2204,20220218,20220218,135316000,13:53:16,14210,286,1600,40268400,0,0,0
ru2204,20220218,20220218,135316500,13:53:20,14210,286,1600,40268400,0,0,0
ru2204,20220218,20220218,135317000,13:53:20,14210,286,1600,40268400,0,0,0
ru2204,20220218,20220218,135317500,13:53:20,14210,286,1600,40268400,0,0,0
ru2204,20220218,20220218,135319500,13:53:20,14210,286,1600,40268400,0,0,0
ru2204,20220218,20220218,135320000,13:53:20,14210,286,1600,40268400,0,0,0
ru2204,20220218,20220218,135320500,13:53:21,14210,286,1600,40268400,0,0,0
ru2204,20220218,20220218,135321000,13:53:21,14210,286,1600,40268400,0,0,0
ru2204,20220218,20220218,135321500,13:53:22,14210,286,1600,40268400,0,0,0
ru2204,20220218,20220218,135322000,13:53:22,14210,286,1600,40268400,0,0,0
ru2204,20220218,20220218,135322500,13:53:23,14210,286,1600,40268400,0,0,0
ru2204,20220218,20220218,135323000,13:53:23,14210,286,1600,40268400,0,0,0
ru2204,20220218,20220218,135323500,13:53:23,14210,286,1600,40268400,0,0,0
ru2204,20220218,20220218,135324000,13:53:24,14210,286,1600,40268400,0,0,0
ru2204,20220218,20220218,135324500,13:53:26,14210,286,1600,40268400,0,0,0
ru2204,20220218,20220218,135325000,13:53:26,14210,286,1600,40268400,0,0,0
ru2204,20220218,20220218,135325500,13:53:26,14210,286,1600,40268400,0,0,0
ru2204,20220218,20220218,135326000,13:53:26,14210,286,1600,40268400,0,0,0
ru2204,20220218,20220218,135326500,13:53:26,14210,286,1600,40268400,0,0,0
ru2204,20220218,20220218,135327000,13:53:27,14210,286,1600,40268400,0,0,0
ru2204,20220218,20220218,135327500,13:53:28,14210,286,1600,40268400,0,0,0
ru2204,20220218,20220218,135328000,13:53:29,14210,286,1600,40268400,0,0,0
ru2204,20220218,20220218,135328500,13:53:29,14210,286,1600,40268400,0,0,0
ru2204,20220218,20220218,135329000,13:53:29,14210,286,1600,40268400,0,0,0
ru2204,20220218,20220218,135329500,13:53:29,14210,286,1600,40268400,0,0,0
ru2204,20220218,20220218,135330000,13:53:30,14210,286,1600,40268400,0,0,0
ru2204,20220218,20220218,135330500,13:53:31,14210,286,1600,40268400,0,0,0
ru2204,20220218,20220218,135331000,13:53:31,14210,286,1600,40268400,0,0,0
ru2204,20220218,20220218,135331500,13:53:32,14210,286,1600,40268400,0,0,0
ru2204,20220218,20220218,135332000,13:53:32,14210,286,1600,40268400,0,0,0
ru2204,20220218,20220218,135332500,13:53:33,14210,286,1600,40268400,0,0,0
ru2204,20220218,20220218,135333000,13:53:33,14210,286,1600,40268400,0,0,0
ru2204,20220218,20220218,135333500,13:53:33,14210,286,1600,40268400,0,0,0
ru2204,20220218,20220218,135334000,13:53:35,14210,286,1600,40268400,0,0,0
ru2204,20220218,20220218,135334500,13:53:35,14210,286,1600,40268400,0,0,0
ru2204,20220218,20220218,135335000,13:53:36,14210,286,1600,40268400,0,0,0
ru2204,20220218,20220218,135335500,13:53:36,14210,286,1600,40268400,0,0,0
ru2204,20220218,20220218,135336000,13:53:44,14210,286,1600,40268400,0,0,0
ru2204,20220218,20220218,135336500,13:53:44,14210,286,1600,40268400,0,0,0
ru2204,20220218,20220218,135337000,13:53:45,14210,286,1600,40268400,0,0,0
ru2204,20220218,20220218,135344000,13:53:45,14210,286,1600,40268400,0,0,0
ru2204,20220218,20220218,135344500,13:53:46,14210,286,1600,40268400,0,0,0
ru2204,20220218,20220218,135345000,13:53:46,14210,286,1600,40268400,0,0,0
ru2204,20220218,20220218,135345500,13:53:46,14210,286,1600,40268400,0,0,0
ru2204,20220218,20220218,135346000,13:53:47,14210,286,1600,40268400,0,0,0
ru2204,20220218,20220218,135346500,13:53:47,14210,286,1600,40268400,0,0,0
ru2204,20220218,20220218,135347000,13:53:47,14210,286,1600,40268400,0,0,0
ru2204,20220218,20220218,135347500,13:53:47,14210,286,1600,40268400,0,0,0
ru2204,20220218,20220218,135348000,13:53:48,14210,286,1600,40268400,0,0,0
ru2204,20220218,20220218,135348500,13:53:48,14210,286,1600,40268400,0,0,0
ru2204,20220218,20220218,135349000,13:53:49,14210,286,1600,40268400,0,0,0
ru2204,20220218,20220218,135349500,13:53:50,14210,286,1600,40268400,0,0,0
ru2204,20220218,20220218,135350000,13:53:50,14210,286,1600,40268400,0,0,0
ru2204,20220218,20220218,135350500,13:53:51,14210,286,1600,40268400,0,0,0
ru2204,20220218,20220218,135351000,13:53:53,14210,286,1600,40268400,0,0,0
ru2204,20220218,20220218,135351500,13:53:53,14210,286,1600,40268400,0,0,0
ru2204,20220218,20220218,135352000,13:53:53,14210,286,1600,40268400,0,0,0
ru2204,20220218,20220218,135352500,13:53:53,14210,286,1600,40268400,0,0,0
ru2204,20220218,20220218,135353000,13:53:53,14210,286,1600,40268400,0,0,0
ru2204,20220218,20220218,135353500,13:53:53,14210,286,1600,40268400,0,0,0
ru2204,20220218,20220218,135354000,13:53:54,14210,286,1600,40268400,0,0,0
ru2204,20220218,20220218,135354500,13:53:55,14210,286,1600,40268400,0,0,0
ru2204,20220218,20220218,135355000,13:53:55,14210,286,1600,40268400,0,0,0
ru2204,20220218,20220218,135355500,13:53:56,14210,286,1600,40268400,0,0,0
ru2204,20220218,20220218,135356000,13:53:56,14210,286,1600,40268400,0,0,0
ru2204,20220218,20220218,135356500,13:53:57,14210,286,1600,40268400,0,0,0
ru2204,20220218,20220218,135357000,13:53:57,14210,286,1600,40268400,0,0,0
ru2204,20220218,20220218,135357500,13:53:58,14210,286,1600,40268400,0,0,0
ru2204,20220218,20220218,135358000,13:53:59,14210,286,1600,40268400,0,0,0
ru2204,20220218,20220218,135358500,13:54:00,14210,286,1600,40268400,0,0,0
ru2204,20220218,20220218,135359000,13:54:01,14210,286,1600,40268400,0,0,0
ru2204,20220218,20220218,135359500,13:54:08,14210,286,1600,40268400,0,0,0
ru2204,20220218,20220218,135400000,13:54:08,14210,286,1600,40268400,0,0,0
ru2204,20220218,20220218,135400500,13:54:09,14210,286,1600,40268400,0,0,0
ru2204,20220218,20220218,135407500,13:54:09,14210,286,1600,40268400,0,0,0
ru2204,20220218,20220218,135408500,13:54:09,14210,286,1600,40268400,0,0,0
ru2204,20220218,20220218,135409000,13:54:09,14210,286,1600,40268400,0,0,0
ru2204,20220218,20220218,135409500,13:54:10,14210,286,1600,40268400,0,0,0
ru2204,20220218,20220218,135410000,13:54:10,14210,286,1600,40268400,0,0,0
ru2204,20220218,20220218,135410500,13:54:11,14210,286,1600,40268400,0,0,0
ru2204,20220218,20220218,135411000,13:54:11,14210,286,1600,40268400,0,0,0
ru2204,20220218,20220218,135411500,13:54:12,14210,286,1600,40268400,0,0,0
ru2204,20220218,20220218,135412000,13:54:12,14210,286,1600,40268400,0,0,0
ru2204,20220218,20220218,135412500,13:54:13,14210,286,1600,40268400,0,0,0
ru2204,20220218,20220218,135413000,13:54:13,14210,286,1600,40268400,0,0,0
ru2204,20220218,20220218,135413500,13:54:14,14210,286,1600,40268400,0,0,0
ru2204,20220218,20220218,135414000,13:54:14,14210,286,1600,40268400,0,0,0
ru2204,20220218,20220218,135414500,13:54:14,14210,286,1600,40268400,0,0,0
ru2204,20220218,20220218,135415000,13:54:15,14210,286,1600,40268400,0,0,0
ru2204,20220218,20220218,135415500,13:54:15,14210,286,1600,40268400,0,0,0
ru2204,20220218,20220218,135416000,13:54:16,14210,286,1600,40268400,0,0,0
ru2204,20220218,20220218,135416500,13:54:16,14210,286,1600,40268400,0,0,0
ru2204,20220218,20220218,135417000,13:54:17,14210,286,1600,40268400,0,0,0
ru2204,20220218,20220218,135417500,13:54:18,14210,286,1600,40268400,0,0,0
ru2204,20220218,20220218,135418000,13:54:18,14210,286,1600,40268400,0,0,0
ru2204,20220218,20220218,135418500,13:54:18,14210,286,1600,40268400,0,0,0
ru2204,20220218,20220218,135419000,13:54:19,14210,286,1600,40268400,0,0,0
ru2204,20220218,20220218,135419500,13:54:19,14210,286,1600,40268400,0,0,0
ru2204,20220218,20220218,135420000,13:54:20,14210,286,1600,40268400,0,0,0
ru2204,20220218,20220218,135420500,13:54:21,14210,286,1600,40268400,0,0,0
ru2204,20220218,20220218,135421000,13:54:21,14210,286,1600,40268400,0,0,0
ru2204,20220218,20220218,135421500,13:54:21,14210,286,1600,40268400,0,0,0
ru2204,20220218,20220218,135422000,13:54:22,14210,286,1600,40268400,0,0,0
ru2204,20220218,20220218,135422500,13:54:22,14210,286,1600,40268400,0,0,0
ru2204,20220218,20220218,135423000,13:54:23,14210,286,1600,40268400,0,0,0
ru2204,20220218,20220218,135423500,13:54:23,14210,286,1600,40268400,0,0,0
ru2204,20220218,20220218,135424000,13:54:24,14210,286,1600,40268400,0,0,0
ru2204,20220218,20220218,135424500,13:54:25,14210,286,1600,40268400,0,0,0
ru2204,20220218,20220218,135425000,13:54:25,14210,286,1600,40268400,0,0,0
ru2204,20220218,20220218,135425500,13:54:26,14210,286,1600,40268400,0,0,0
ru2204,20220218,20220218,135426000,13:54:26,14210,286,1600,40268400,0,0,0
ru2204,20220218,20220218,135426500,13:54:27,14210,286,1600,40268400,0,0,0
ru2204,20220218,20220218,135427000,13:54:28,14210,286,1600,40268400,0,0,0
ru2204,20220218,20220218,135427500,13:54:28,14210,286,1600,40268400,0,0,0
ru2204,20220218,20220218,135428000,13:54:30,14210,286,1600,40268400,0,0,0
ru2204,20220218,20220218,135428500,13:54:30,14210,286,1600,40268400,0,0,0
ru2204,20220218,20220218,135429000,13:54:31,14210,286,1600,40268400,0,0,0
ru2204,20220218,20220218,135430000,13:54:31,14210,286,1600,40268400,0,0,0
ru2204,20220218,20220218,135430500,13:54:31,14210,286,1600,40268400,0,0,0
ru2204,20220218,20220218,135431000,13:54:32,14210,286,1600,40268400,0,0,0
ru2204,20220218,20220218,135431500,13:54:32,14210,286,1600,40268400,0,0,0
ru2204,20220218,20220218,135432000,13:54:32,14210,286,1600,40268400,0,0,0
ru2204,20220218,20220218,135432500,13:54:33,14210,286,1600,40268400,0,0,0
ru2204,20220218,20220218,135433000,13:54:33,14210,286,1600,40268400,0,0,0
ru2204,20220218,20220218,135433500,13:54:34,14210,286,1600,40268400,0,0,0
ru2204,20220218,20220218,135434000,13:54:34,14210,286,1600,40268400,0,0,0
ru2204,20220218,20220218,135434500,13:54:34,14210,286,1600,40268400,0,0,0
ru2204,20220218,20220218,135435000,13:54:35,14210,286,1600,40268400,0,0,0
ru2204,20220218,20220218,135435500,13:54:35,14210,286,1600,40268400,0,0,0
ru2204,20220218,20220218,135436000,13:54:36,14210,286,1600,40268400,0,0,0
ru2204,20220218,20220218,135436500,13:54:36,14210,286,1600,40268400,0,0,0
ru2204,20220218,20220218,135437000,13:54:37,14210,286,1600,40268400,0,0,0
ru2204,20220218,20220218,135437500,13:54:37,14210,286,1600,40268400,0,0,0
ru2204,20220218,20220218,135438000,13:54:38,14210,286,1600,40268400,0,0,0
ru2204,20220218,20220218,135438500,13:54:39,14210,286,1600,40268400,0,0,0
ru2204,20220218,20220218,135439000,13:54:39,14210,286,1600,40268400,0,0,0
ru2204,20220218,20220218,135439500,13:54:40,14210,286,1600,40268400,0,0,0
ru2204,20220218,20220218,135440000,13:54:40,14210,286,1600,40268400,0,0,0
ru2204,20220218,20220218,135440500,13:54:40,14210,286,1600,40268400,0,0,0
ru2204,20220218,20220218,135441000,13:54:41,14210,286,1600,40268400,0,0,0
ru2204,20220218,20220218,135441500,13:54:42,14210,286,1600,40268400,0,0,0
ru2204,20220218,20220218,135442000,13:54:42,14210,286,1600,40268400,0,0,0
ru2204,20220218,20220218,135442500,13:54:44,14210,286,1600,40268400,0,0,0
ru2204,20220218,20220218,135443000,13:54:44,14210,286,1600,40268400,0,0,0
ru2204,20220218,20220218,135443500,13:54:44,14210,286,1600,40268400,0,0,0
ru2204,20220218,20220218,135444000,13:54:44,14210,286,1600,40268400,0,0,0
ru2204,20220218,20220218,135444500,13:54:44,14210,286,1600,40268400,0,0,0
ru2204,20220218,20220218,135445000,13:54:45,14210,286,1600,40268400,0,0,0
ru2204,20220218,20220218,135445500,13:54:45,14210,286,1600,40268400,0,0,0
ru2204,20220218,20220218,135446000,13:54:46,14210,286,1600,40268400,0,0,0
ru2204,20220218,20220218,135446500,13:54:47,14210,286,1600,40268400,0,0,0
ru2204,20220218,20220218,135447000,13:54:47,14210,286,1600,40268400,0,0,0
ru2204,20220218,20220218,135447500,13:54:47,14210,286,1600,40268400,0,0,0
ru2204,20220218,20220218,135448000,13:54:48,14210,286,1600,40268400,0,0,0
ru2204,20220218,20220218,135448500,13:54:48,14210,286,1600,40268400,0,0,0
ru2204,20220218,20220218,135449000,13:54:49,14210,286,1600,40268400,0,0,0
ru2204,20220218,20220218,135449500,13:54:50,14210,286,1600,40268400,0,0,0
ru2204,20220218,20220218,135450000,13:54:50,14210,286,1600,40268400,0,0,0
ru2204,20220218,20220218,135450500,13:54:50,14210,286,1600,40268400,0,0,0
ru2204,20220218,20220218,135451000,13:54:51,14210,286,1600,40268400,0,0,0
ru2204,20220218,20220218,135451500,13:54:51,14210,286,1600,40268400,0,0,0
ru2204,20220218,20220218,135452000,13:54:52,14210,286,1600,40268400,0,0,0
ru2204,20220218,20220218,135452500,13:54:52,14210,286,1600,40268400,0,0,0
ru2204,20220218,20220218,135453000,13:54:53,14210,286,1600,40268400,0,0,0
ru2204,20220218,20220218,135453500,13:54:54,14210,286,1600,40268400,0,0,0
ru2204,20220218,20220218,135454000,13:54:54,14210,286,1600,40268400,0,0,0
ru2204,20220218,20220218,135454500,13:54:55,14210,286,1600,40268400,0,0,0
ru2204,20220218,20220218,135455000,13:54:55,14210,286,1600,40268400,0,0,0
ru2204,20220218,20220218,135455500,13:54:55,14210,286,1600,40268400,0,0,0
ru2204,20220218,20220218,135456000,13:54:56,14210,286,1600,40268400,0,0,0
ru2204,20220218,20220218,135456500,13:54:56,14210,286,1600,40268400,0,0,0
ru2204,20220218,20220218,135457000,13:54:57,14210,286,1600,40268400,0,0,0
ru2204,20220218,20220218,135457500,13:54:58,14210,286,1600,40268400,0,0,0
ru2204,20220218,20220218,135458000,13:54:58,14210,286,1600,40268400,0,0,0
ru2204,20220218,20220218,135458500,13:54:59,14210,286,1600,40268400,0,0,0
ru2204,20220218,20220218,135459000,13:54:59,14210,286,1600,40268400,0,0,0
ru2204,20220218,20220218,135459500,13:55:00,14210,286,1600,40268400,0,0,0
ru2204,20220218,20220218,135500000,13:55:00,14210,286,1600,40268400,0,0,0
ru2204,20220218,20220218,135500500,13:55:00,14210,286,1600,40268400,0,0,0
ru2204,20220218,20220218,135501000,13:55:01,14210,286,1600,40268400,0,0,0
ru2204,20220218,20220218,135501500,13:55:02,14210,286,1600,40268400,0,0,0
ru2204,20220218,20220218,135502000,13:55:03,14210,286,1600,40268400,0,0,0
ru2204,20220218,20220218,135502500,13:55:03,14210,286,1600,40268400,0,0,0
ru2204,20220218,20220218,135503000,13:55:03,14210,286,1600,40268400,0,0,0
ru2204,20220218,20220218,135503500,13:55:04,14210,286,1600,40268400,0,0,0
ru2204,20220218,20220218,135504000,13:55:04,14210,286,1600,40268400,0,0,0
ru2204,20220218,20220218,135504500,13:55:05,14210,286,1600,40268400,0,0,0
ru2204,20220218,20220218,135505000,13:55:05,14210,286,1600,40268400,0,0,0
ru2204,20220218,20220218,135505500,13:55:06,14210,286,1600,40268400,0,0,0
ru2204,20220218,20220218,135506000,13:55:06,14210,286,1600,40268400,0,0,0
ru2204,20220218,20220218,135506500,13:55:06,14210,286,1600,40268400,0,0,0
ru2204,20220218,20220218,135507000,13:55:11,14210,286,1600,40268400,0,0,0
ru2204,20220218,20220218,135507500,13:55:11,14210,286,1600,40268400,0,0,0
ru2204,20220218,20220218,135508000,13:55:12,14210,286,1600,40268400,0,0,0
ru2204,20220218,20220218,135511500,13:55:12,14210,286,1600,40268400,0,0,0
ru2204,20220218,20220218,135512000,13:55:12,14210,286,1600,40268400,0,0,0
ru2204,20220218,20220218,135512500,13:55:13,14210,286,1600,40268400,0,0,0
ru2204,20220218,20220218,135513000,13:55:13,14210,286,1600,40268400,0,0,0
ru2204,20220218,20220218,135513500,13:55:15,14210,286,1600,40268400,0,0,0
ru2204,20220218,20220218,135514000,13:55:15,14210,286,1600,40268400,0,0,0
ru2204,20220218,20220218,135514500,13:55:15,14210,286,1600,40268400,0,0,0
ru2204,20220218,20220218,135515000,13:55:15,14210,286,1600,40268400,0,0,0
ru2204,20220218,20220218,135515500,13:55:16,14210,286,1600,40268400,0,0,0
ru2204,20220218,20220218,135516000,13:55:16,14210,286,1600,40268400,0,0,0
ru2204,20220218,20220218,135516500,13:55:16,14210,286,1600,40268400,0,0,0
ru2204,20220218,20220218,135517000,13:55:21,14210,286,1600,40268400,0,0,0
ru2204,20220218,20220218,135517500,13:55:21,14210,286,1600,40268400,0,0,0
ru2204,20220218,20220218,135518000,13:55:24,14210,286,1600,40268400,0,0,0
ru2204,20220218,20220218,135520500,13:55:25,14210,286,1600,40268400,0,0,0
ru2204,20220218,20220218,135521000,13:55:25,14210,286,1600,40268400,0,0,0
ru2204,20220218,20220218,135524500,13:55:25,14210,286,1600,40268400,0,0,0
ru2204,20220218,20220218,135525000,13:55:26,14210,286,1600,40268400,0,0,0
ru2204,20220218,20220218,135525500,13:55:26,14210,286,1600,40268400,0,0,0
ru2204,20220218,20220218,135526000,13:55:27,14210,286,1600,40268400,0,0,0
ru2204,20220218,20220218,135526500,13:55:27,14210,286,1600,40268400,0,0,0
ru2204,20220218,20220218,135527000,13:55:28,14210,286,1600,40268400,0,0,0
ru2204,20220218,20220218,135527500,13:55:28,14210,286,1600,40268400,0,0,0
ru2204,20220218,20220218,135528000,13:55:28,14210,286,1600,40268400,0,0,0
ru2204,20220218,20220218,135528500,13:55:28,14210,286,1600,40268400,0,0,0
ru2204,20220218,20220218,135529000,13:55:29,14210,286,1600,40268400,0,0,0
ru2204,20220218,20220218,135529500,13:55:30,14210,286,1600,40268400,0,0,0
ru2204,20220218,20220218,135530000,13:55:30,14210,286,1600,40268400,0,0,0
ru2204,20220218,20220218,135530500,13:55:31,14210,286,1600,40268400,0,0,0
ru2204,20220218,20220218,135531000,13:55:31,14210,286,1600,40268400,0,0,0
ru2204,20220218,20220218,135531500,13:55:32,14210,286,1600,40268400,0,0,0
ru2204,20220218,20220218,135532000,13:55:32,14210,286,1600,40268400,0,0,0
ru2204,20220218,20220218,135532500,13:55:32,14210,286,1600,40268400,0,0,0
ru2204,20220218,20220218,135533000,13:55:33,14210,286,1600,40268400,0,0,0
ru2204,20220218,20220218,135533500,13:55:33,14210,286,1600,40268400,0,0,0
ru2204,20220218,20220218,135534000,13:55:34,14210,286,1600,40268400,0,0,0
ru2204,20220218,20220218,135534500,13:55:34,14210,286,1600,40268400,0,0,0
ru2204,20220218,20220218,135535000,13:55:35,14210,286,1600,40268400,0,0,0
ru2204,20220218,20220218,135535500,13:55:36,14210,286,1600,40268400,0,0,0
ru2204,20220218,20220218,135536000,13:55:36,14210,286,1600,40268400,0,0,0
ru2204,20220218,20220218,135536500,13:55:37,14210,286,1600,40268400,0,0,0
ru2204,20220218,20220218,135537000,13:55:37,14210,286,1600,40268400,0,0,0
ru2204,20220218,20220218,135537500,13:55:37,14210,286,1600,40268400,0,0,0
ru2204,20220218,20220218,135538000,13:55:38,14210,286,1600,40268400,0,0,0
ru2204,20220218,20220218,135538500,13:55:39,14210,286,1600,40268400,0,0,0
ru2204,20220218,20220218,135539000,13:55:39,14210,286,1600,40268400,0,0,0
ru2204,20220218,20220218,135539500,13:55:40,14210,286,1600,40268400,0,0,0
ru2204,20220218,20220218,135540000,13:55:40,14210,286,1600,40268400,0,0,0
ru2204,20220218,20220218,135540500,13:55:41,14210,286,1600,40268400,0,0,0
ru2204,20220218,20220218,135541000,13:55:41,14210,286,1600,40268400,0,0,0
ru2204,20220218,20220218,135541500,13:55:41,14210,286,1600,40268400,0,0,0
ru2204,20220218,20220218,135542000,13:55:42,14210,286,1600,40268400,0,0,0
ru2204,20220218,20220218,135542500,13:55:42,14210,286,1600,40268400,0,0,0
ru2204,20220218,20220218,135543000,13:55:45,14210,286,1600,40268400,0,0,0
ru2204,20220218,20220218,135543500,13:55:45,14210,286,1600,40268400,0,0,0
ru2204,20220218,20220218,135544000,13:55:45,14210,286,1600,40268400,0,0,0
ru2204,20220218,20220218,135545000,13:55:45,14210,286,1600,40268400,0,0,0
ru2204,20220218,20220218,135545500,13:55:46,14210,286,1600,40268400,0,0,0
ru2204,20220218,20220218,135546000,13:55:46,14210,286,1600,40268400,0,0,0
ru2204,20220218,20220218,135546500,13:55:47,14210,286,1600,40268400,0,0,0
ru2204,20220218,20220218,135547000,13:55:47,14210,286,1600,40268400,0,0,0
ru2204,20220218,20220218,135547500,13:55:47,14210,286,1600,40268400,0,0,0
ru2204,20220218,20220218,135548000,13:55:48,14210,286,1600,40268400,0,0,0
ru2204,20220218,20220218,135548500,13:55:48,14210,286,1600,40268400,0,0,0
ru2204,20220218,20220218,135549000,13:55:50,14210,286,1600,40268400,0,0,0
ru2204,20220218,20220218,135549500,13:55:50,14210,286,1600,40268400,0,0,0
ru2204,20220218,20220218,135550000,13:55:50,14210,286,1600,40268400,0,0,0
ru2204,20220218,20220218,135550500,13:55:50,14210,286,1600,40268400,0,0,0
ru2204,20220218,20220218,135551000,13:55:51,14210,286,1600,40268400,0,0,0
ru2204,20220218,20220218,135551500,13:55:52,14210,286,1600,40268400,0,0,0
ru2204,20220218,20220218,135552000,13:55:52,14210,286,1600,40268400,0,0,0
ru2204,20220218,20220218,135552500,13:55:52,14210,286,1600,40268400,0,0,0
ru2204,20220218,20220218,135553000,13:55:53,14210,286,1600,40268400,0,0,0
ru2204,20220218,20220218,135553500,13:55:54,14210,286,1600,40268400,0,0,0
ru2204,20220218,20220218,135554000,13:55:54,14210,286,1600,40268400,0,0,0
ru2204,20220218,20220218,135554500,13:55:54,14210,286,1600,40268400,0,0,0
ru2204,20220218,20220218,135555000,13:55:55,14210,286,1600,40268400,0,0,0
ru2204,20220218,20220218,135555500,13:55:57,14210,286,1600,40268400,0,0,0
ru2204,20220218,20220218,135556000,13:55:57,14210,286,1600,40268400,0,0,0
ru2204,20220218,20220218,135556500,13:55:58,14210,286,1600,40268400,0,0,0
ru2204,20220218,20220218,135557000,13:55:58,14210,286,1600,40268400,0,0,0
ru2204,20220218,20220218,135557500,13:55:58,14210,286,1600,40268400,0,0,0
ru2204,20220218,20220218,135558000,13:55:58,14210,286,1600,40268400,0,0,0
ru2204,20220218,20220218,135558500,13:55:58,14210,286,1600,40268400,0,0,0
ru2204,20220218,20220218,135559000,13:55:59,14210,286,1600,40268400,0,0,0
ru2204,20220218,20220218,135559500,13:55:59,14210,286,1600,40268400,0,0,0
ru2204,20220218,20220218,135600000,13:56:01,14210,286,1600,40268400,0,0,0
ru2204,20220218,20220218,135600500,13:56:02,14210,286,1600,40268400,0,0,0
ru2204,20220218,20220218,135601000,13:56:02,14210,286,1600,40268400,0,0,0
ru2204,20220218,20220218,135601500,13:56:03,14210,286,1600,40268400,0,0,0
ru2204,20220218,20220218,135602000,13:56:19,14210,286,1600,40268400,0,0,0
ru2204,20220218,20220218,135602500,13:56:19,14210,286,1600,40268400,0,0,0
ru2204,20220218,20220218,135603000,13:56:23,14210,286,1600,40268400,0,0,0
ru2204,20220218,20220218,135603500,13:56:23,14210,286,1600,40268400,0,0,0
ru2204,20220218,20220218,135618500,13:56:23,14210,286,1600,40268400,0,0,0
ru2204,20220218,20220218,135623000,13:56:24,14210,286,1600,40268400,0,0,0
ru2204,20220218,20220218,135623500,13:56:24,14210,286,1600,40268400,0,0,0
ru2204,20220218,20220218,135624000,13:56:24,14210,286,1600,40268400,0,0,0
ru2204,20220218,20220218,135624500,13:56:24,14210,286,1600,40268400,0,0,0
ru2204,20220218,20220218,135625000,13:56:25,14210,286,1600,40268400,0,0,0
ru2204,20220218,20220218,135625500,13:56:29,14210,286,1600,40268400,0,0,0
ru2204,20220218,20220218,135626000,13:56:33,14210,286,1600,40268400,0,0,0
ru2204,20220218,20220218,135626500,13:56:34,14210,286,1600,40268400,0,0,0
ru2204,20220218,20220218,135627000,13:56:34,14210,286,1600,40268400,0,0,0
ru2204,20220218,20220218,135633500,13:56:35,14210,286,1600,40268400,0,0,0
ru2204,20220218,20220218,135634500,13:56:35,14210,286,1600,40268400,0,0,0
ru2204,20220218,20220218,135635000,13:56:35,14210,286,1600,40268400,0,0,0
ru2204,20220218,20220218,135635500,13:56:35,14210,286,1600,40268400,0,0,0
ru2204,20220218,20220218,135636000,13:56:36,14210,286,1600,40268400,0,0,0
ru2204,20220218,20220218,135636500,13:56:39,14210,286,1600,40268400,0,0,0
ru2204,20220218,20220218,135637000,13:56:39,14210,286,1600,40268400,0,0,0
ru2204,20220218,20220218,135637500,13:56:39,14210,286,1600,40268400,0,0,0
ru2204,20220218,20220218,135638000,13:56:39,14210,286,1600,40268400,0,0,0
ru2204,20220218,20220218,135639000,13:56:39,14210,286,1600,40268400,0,0,0
ru2204,20220218,20220218,135639500,13:56:39,14210,286,1600,40268400,0,0,0
ru2204,20220218,20220218,135640000,13:56:40,14210,286,1600,40268400,0,0,0
ru2204,20220218,20220218,135640500,13:56:41,14210,286,1600,40268400,0,0,0
ru2204,20220218,20220218,135641000,13:56:41,14210,286,1600,40268400,0,0,0
ru2204,20220218,20220218,135641500,13:56:42,14210,286,1600,40268400,0,0,0
ru2204,20220218,20220218,135642000,13:56:43,14210,286,1600,40268400,0,0,0
ru2204,20220218,20220218,135642500,13:56:43,14210,286,1600,40268400,0,0,0
ru2204,20220218,20220218,135643000,13:56:43,14210,286,1600,40268400,0,0,0
ru2204,20220218,20220218,135643500,13:56:44,14210,286,1600,40268400,0,0,0
ru2204,20220218,20220218,135644000,13:56:45,14210,286,1600,40268400,0,0,0
ru2204,20220218,20220218,135644500,13:56:45,14210,286,1600,40268400,0,0,0
ru2204,20220218,20220218,135645000,13:56:47,14210,286,1600,40268400,0,0,0
ru2204,20220218,20220218,135645500,13:56:47,14210,286,1600,40268400,0,0,0
ru2204,20220218,20220218,135646000,13:56:47,14210,286,1600,40268400,0,0,0
ru2204,20220218,20220218,135646500,13:56:47,14210,286,1600,40268400,0,0,0
ru2204,20220218,20220218,135647000,13:56:48,14210,286,1600,40268400,0,0,0
ru2204,20220218,20220218,135647500,13:56:48,14210,286,1600,40268400,0,0,0
ru2204,20220218,20220218,135648000,13:56:50,14210,286,1600,40268400,0,0,0
ru2204,20220218,20220218,135648500,13:56:50,14210,286,1600,40268400,0,0,0
ru2204,20220218,20220218,135649000,13:56:50,14210,286,1600,40268400,0,0,0
ru2204,20220218,20220218,135649500,13:56:50,14210,286,1600,40268400,0,0,0
ru2204,20220218,20220218,135650000,13:56:51,14210,286,1600,40268400,0,0,0
ru2204,20220218,20220218,135650500,13:56:51,14210,286,1600,40268400,0,0,0
ru2204,20220218,20220218,135651000,13:56:51,14210,286,1600,40268400,0,0,0
ru2204,20220218,20220218,135651500,13:56:52,14210,286,1600,40268400,0,0,0
ru2204,20220218,20220218,135652000,13:56:52,14210,286,1600,40268400,0,0,0
ru2204,20220218,20220218,135652500,13:56:52,14210,286,1600,40268400,0,0,0
ru2204,20220218,20220218,135653000,13:56:53,14210,286,1600,40268400,0,0,0
ru2204,20220218,20220218,135653500,13:56:53,14210,286,1600,40268400,0,0,0
ru2204,20220218,20220218,135654000,13:56:54,14210,286,1600,40268400,0,0,0
ru2204,20220218,20220218,135654500,13:56:54,14210,286,1600,40268400,0,0,0
ru2204,20220218,20220218,135655000,13:56:55,14210,286,1600,40268400,0,0,0
ru2204,20220218,20220218,135655500,13:56:55,14210,286,1600,40268400,0,0,0
ru2204,20220218,20220218,135656000,13:56:56,14210,286,1600,40268400,0,0,0
ru2204,20220218,20220218,135656500,13:56:56,14210,286,1600,40268400,0,0,0
ru2204,20220218,20220218,135657000,13:56:57,14210,286,1600,40268400,0,0,0
ru2204,20220218,20220218,135657500,13:56:58,14210,286,1600,40268400,0,0,0
ru2204,20220218,20220218,135658000,13:56:58,14210,286,1600,40268400,0,0,0
ru2204,20220218,20220218,135658500,13:56:59,14210,286,1600,40268400,0,0,0
ru2204,20220218,20220218,135659000,13:57:00,14210,286,1600,40268400,0,0,0
ru2204,20220218,20220218,135659500,13:57:01,14210,286,1600,40268400,0,0,0
ru2204,20220218,20220218,135700000,13:57:01,14210,286,1600,40268400,0,0,0
ru2204,20220218,20220218,135700500,13:57:02,14210,286,1600,40268400,0,0,0
ru2204,20220218,20220218,135701000,13:57:02,14210,286,1600,40268400,0,0,0
ru2204,20220218,20220218,135701500,13:57:02,14210,286,1600,40268400,0,0,0
ru2204,20220218,20220218,135702000,13:57:02,14210,286,1600,40268400,0,0,0
ru2204,20220218,20220218,135702500,13:57:02,14210,286,1600,40268400,0,0,0
ru2204,20220218,20220218,135703000,13:57:03,14210,286,1600,40268400,0,0,0
ru2204,20220218,20220218,135703500,13:57:04,14210,286,1600,40268400,0,0,0
ru2204,20220218,20220218,135704000,13:57:04,14210,286,1600,40268400,0,0,0
ru2204,20220218,20220218,135704500,13:57:05,14210,286,1600,40268400,0,0,0
ru2204,20220218,20220218,135705000,13:57:05,14210,286,1600,40268400,0,0,0
ru2204,20220218,20220218,135705500,13:57:05,14210,286,1600,40268400,0,0,0
ru2204,20220218,20220218,135706000,13:57:06,14210,286,1600,40268400,0,0,0
ru2204,20220218,20220218,135706500,13:57:06,14210,286,1600,40268400,0,0,0
ru2204,20220218,20220218,135707000,13:57:07,14210,286,1600,40268400,0,0,0
ru2204,20220218,20220218,135707500,13:57:08,14210,286,1600,40268400,0,0,0
ru2204,20220218,20220218,135708000,13:57:08,14210,286,1600,40268400,0,0,0
